output/projections/enclaves_nsf.asc
NCOLS 203 
NROWS 192 
XLLCORNER -41.875139442 
YLLCORNER -10.4584725408311 
CELLSIZE 0.0416666665 
NODATA_value -3.4e+38 
[rows 80 to 99 of 192, columns 0 to 44 of 203]
0.00131069193594158 0.00125263282097876 0.00151220406405628 0.00174178066663444 0.00144639692734927 0.00212857802398503 0.00313459592871368 0.00271080457605422 0.00411073910072446 0.00427772291004658 0.004489257466048 0.00351967616006732 0.00172530184499919 0.00212469464167953 0.0024341382086277 0.00958159193396568 0.0643294081091881 0.0847622752189636 0.0859266147017479 0.0499003008008003 0.0784945338964462 0.0439343936741352 0.0543898232281208 0.153037056326866 0.136600941419601 0.145662888884544 0.00370382983237505 0.00278184749186039 0.00134673644788563 0.00345955090597272 0.0018851236673072 0.00151035632006824 0.00237491587176919 0.000939826655667275 0.00299995648674667 0.0630368664860725 0.00998732820153236 0.00164798484183848 0.00657789222896099 0.00663099950179458 0.00198722211644053 0.00268733315169811 0.00271815923042595 0.0300299450755119 0.080610103905201
0.00147453078534454 0.00133673707023263 0.00196626107208431 0.00237000011838973 0.00176639703568071 0.00186801410745829 0.00239433604292572 0.00238079554401338 0.00281189894303679 0.00271110190078616 0.00276597822085023 0.00165437057148665 0.00272955582477152 0.00252366927452385 0.00272286683320999 0.0032322546467185 0.00336861214600503 0.00296657835133374 0.00804769154638052 0.0414739996194839 0.0372656397521496 0.0323888920247555 0.0747095122933388 0.133527010679245 0.122033879160881 0.120551966130733 0.0147676384076476 0.0105552040040493 0.00162602146156132 0.0118623888120055 0.0106067899614573 0.00777012854814529 0.00603988021612167 0.00303846271708608 0.00324272154830396 0.0319241620600224 0.0113887339830399 0.00224332278594375 0.00175462395418435 0.00166458624880761 0.00187242438551039 0.00610629515722394 0.00643798010423779 0.00629668403416872 0.0402342230081558
0.00196988554671407 0.00143177935387939 0.00189774879254401 0.00282165524549782 0.0024960192386061 0.00196296744979918 0.00202605267986655 0.00225894851610065 0.00221155816689134 0.00157454586587846 0.00232055108062923 0.00163992727175355 0.00196769437752664 0.00242514628916979 0.00262708263471723 0.0174697246402502 0.0462262257933617 0.0138058867305517 0.00865105632692575 0.0374714098870754 0.0600768998265266 0.0490444079041481 0.0414501875638962 0.0861290618777275 0.0974764823913574 0.0892139747738838 0.0845086500048637 0.00155224464833736 0.0186104141175747 0.0267428103834391 0.00869762524962425 0.00926764216274023 0.00779237318783998 0.00181096431333572 0.0010168292792514 0.00616357708349824 0.00806347653269768 0.00877280533313751 0.0020201182924211 0.000844859634526074 0.00295617105439305 0.00983379874378443 0.00861286092549562 0.00683808559551835 0.0226579699665308
0.00202151294797659 0.00143319321796298 0.00183614471461624 0.00250859162770212 0.00309964758343995 0.00245222123339772 0.00303595815785229 0.00275335437618196 0.0021373841445893 0.00188542867545038 0.00166723388247192 0.00178373418748379 0.00187475490383804 0.00234419968910515 0.00257898541167378 0.00972473155707121 0.0306863486766815 0.0660020112991333 0.0587076805531979 0.0426736995577812 0.04090291634202 0.0559251010417938 0.092961847782135 0.0948447287082672 0.122048012912273 0.101706646382809 0.0629142224788666 0.00216720416210592 0.0387949198484421 0.0239253081381321 0.00976887904107571 0.00609385501593351 0.00639756908640265 0.00874997302889824 0.00248377164825797 0.0018727018032223 0.00175098900217563 0.0025128296110779 0.00189407670404762 0.000920662714634091 0.00484847091138363 0.0129390154033899 0.00660412386059761 0.00884469877928495 0.00830663926899433
0.00193357211537659 0.00163758441340178 0.00170108349993825 0.00208417885005474 0.00281232339330018 0.00351496483199298 0.00426000123843551 0.00389863061718643 0.0025927780661732 0.00273907789960504 0.00256590731441975 0.00135260820388794 0.00214563286863267 0.00225274125114083 0.00269419350661337 0.00308012310415506 0.00944510567933321 0.00912309065461159 0.0326784364879131 0.0326242223381996 0.0410152971744537 0.0600408464670181 0.128106325864792 0.127831339836121 0.140064120292664 0.0902623757719994 0.0247423909604549 0.0256308503448963 0.046183880418539 0.0393616184592247 0.0177125874906778 0.00563223753124475 0.0162083357572556 0.0528662167489529 0.00901894737035036 0.00274208933115005 0.00198193406686187 0.00170642207376659 0.0017462451942265 0.000968059117440134 0.00284235319122672 0.00223788153380156 0.00212578661739826 0.00681264186277986 0.00909017585217953
0.00186449754983187 0.00294743734411895 0.00225962698459625 0.0020013228058815 0.00261907768435776 0.00341671262867749 0.00453862175345421 0.00603713002055883 0.00296172243542969 0.00366465840488672 0.0028021102771163 0.00147896516136825 0.00194767164066434 0.00218820152804255 0.00357265118509531 0.00369624863378704 0.00997876655310392 0.050172284245491 0.0521544106304646 0.0368334874510765 0.0638820827007294 0.0480037406086922 0.0576470717787743 0.151196897029877 0.135617524385452 0.0743431895971298 0.0400152020156384 0.0474343486130238 0.0537033714354038 0.0088921869173646 0.00486958166584373 0.00531517807394266 0.00485505256801844 0.00740113388746977 0.0120853539556265 0.00267331069335341 0.00238775950856507 0.00226538116112351 0.000810256053227931 0.00107142701745033 0.00202383985742927 0.00262658298015594 0.011124256066978 0.00972509663552046 0.0118351820856333
0.00147951790131629 0.0018310722662136 0.00449963426217437 0.00218026689253747 0.0028005454223603 0.00408318126574159 0.00447659287601709 0.0181820653378963 0.00411268230527639 0.0041627548635006 0.00332755642011762 0.00156573334243149 0.00186367298010737 0.00217902800068259 0.00298762787133455 0.0576167814433575 0.064723901450634 0.064235731959343 0.0353567041456699 0.0482205636799335 0.0605399459600449 0.0294750314205885 0.0731681734323502 0.116221606731415 0.146729469299316 0.0684501901268959 0.0609789676964283 0.056993380188942 0.0581313036382198 0.0465553402900696 0.00796419568359852 0.0051473337225616 0.00147184636443853 0.00528677832335234 0.00644158665090799 0.00215792190283537 0.00251946737989783 0.00270777381956577 0.000816118496004492 0.000944039376918226 0.00122182117775083 0.00838860217481852 0.0116256419569254 0.011143172159791 0.0198166985064745
0.00161463755648583 0.00152944982983172 0.00332348025403917 0.00446474179625511 0.00409890851005912 0.00332986167632043 0.0048496900126338 0.0155805991962552 0.0193099118769169 0.00472771795466542 0.00354388705454767 0.00185517454519868 0.00202846084721386 0.00228582951240242 0.00293413689360023 0.0139745101332664 0.0107574183493853 0.00784499943256378 0.00529733812436461 0.014580606482923 0.0304607227444649 0.0286815278232098 0.0338940396904945 0.0429956428706646 0.135270193219185 0.0896092280745506 0.0552841909229755 0.0581223517656326 0.0614359863102436 0.0494774058461189 0.010193875990808 0.00622116820886731 0.00603714399039745 0.00172560033388436 0.000781979586463422 0.000777877517975867 0.00737497210502625 0.00239501241594553 0.000652524526230991 0.00100686808582395 0.00110502366442233 0.0490500740706921 0.0646891742944717 0.0573603548109531 0.13232159614563
0.00226404750719666 0.00249675917439163 0.00427435338497162 0.00307747349143028 0.0043594348244369 0.00528563652187586 0.00540502090007067 0.0141604738309979 0.0174718722701073 0.00444826809689403 0.00379290408454835 0.00244228425435722 0.00234862603247166 0.00257201562635601 0.00313911330886185 0.0108582256361842 0.0595180429518223 0.0735398903489113 0.0618771575391293 0.0451400578022003 0.0557603649795055 0.0346651300787926 0.02447110414505 0.0507292039692402 0.126750752329826 0.106491804122925 0.0421123094856739 0.0374830774962902 0.049156729131937 0.0287377927452326 0.00914910994470119 0.0073085748590529 0.00911128800362349 0.00213673105463386 0.00148660992272198 0.000767917023040354 0.00152076326776296 0.000698379124514759 0.000790154153946787 0.0082979267463088 0.0101277576759458 0.0103867379948497 0.00210764957591891 0.00961357541382313 0.017259432002902
0.00160812982358038 0.00154537579510361 0.00197588233277202 0.00229173782281578 0.00265572289936244 0.00401516119018197 0.00319349183700979 0.00373049778863788 0.00492226285859942 0.00350445695221424 0.00282843317836523 0.00220526708289981 0.00224416959099472 0.00236148317344487 0.00218236423097551 0.025855977088213 0.0489971674978733 0.0394174978137016 0.0493286140263081 0.0575215369462967 0.0523692481219769 0.0520476028323174 0.0489873774349689 0.0375251248478889 0.131544947624207 0.11429563164711 0.0548240020871162 0.00754558481276035 0.00584531808272004 0.02098099142313 0.00835379771888256 0.00578760961070657 0.0021980416495353 0.00171967339701951 0.00151376659050584 0.00213196990080178 0.00198998092673719 0.000648435670882463 0.00163353001698852 0.00179083889815956 0.00231419014744461 0.00105503934901208 0.00194389850366861 0.00285783992148936 0.0161568205803633
0.00153041863813996 0.00159151293337345 0.00175585283432156 0.00205031130462885 0.002250368706882 0.00276234047487378 0.00263948412612081 0.00290664075873792 0.00281757721677423 0.00285074254497886 0.00150806934107095 0.00164363463409245 0.0019202270777896 0.00254284334369004 0.00321483099833131 0.00958766136318445 0.046686664223671 0.0558166690170765 0.0469553060829639 0.0471439808607101 0.0243437755852938 0.0315714068710804 0.0590481162071228 0.0652138739824295 0.110579878091812 0.129080399870872 0.0581380687654018 0.0099848210811615 0.00633434159681201 0.00542988860979676 0.00504456087946892 0.00618132716044784 0.00152626808267087 0.00151834590360522 0.00198549078777432 0.00263181328773499 0.00183213094715029 0.00188608665484935 0.00144303904380649 0.000862252491060644 0.00162105855997652 0.00181159481871873 0.000948263972532004 0.0130200851708651 0.010928544215858
0.00191129383165389 0.00215567508712411 0.00166033965069801 0.0016652763588354 0.00188795011490583 0.0020678355358541 0.00233345944434404 0.00201421952806413 0.00172529427800328 0.00198222207836807 0.0012777610681951 0.00166452932171524 0.00184861023444682 0.00193357712123543 0.00284939329139888 0.00908323936164379 0.00848103407770395 0.00729798153042793 0.00555345276370645 0.0137953860685229 0.0194726530462503 0.0220043119043112 0.028884869068861 0.0701596289873123 0.0955275818705559 0.133504062891006 0.0900426059961319 0.0273793116211891 0.00724009703844786 0.00684741511940956 0.00524249207228422 0.00612357864156365 0.00153552554547787 0.00198066933080554 0.00175015430431813 0.00160573865287006 0.00200044363737106 0.00276218145154417 0.00189467903692275 0.00143970793578774 0.000796486623585224 0.000881196698173881 0.00326286163181067 0.00293360976502299 0.00112050119787455
0.00184515549335629 0.00208135368302464 0.00247846078127623 0.00187889696098864 0.00230219704099 0.00233651488088071 0.00412899581715465 0.00283813639543951 0.0022502422798425 0.00257468363270164 0.00135283963754773 0.00136275973636657 0.00295106507837772 0.00212299544364214 0.00204050051979721 0.00957431178539991 0.0478144846856594 0.0569888465106487 0.0681168958544731 0.0486177355051041 0.0224543083459139 0.0208157598972321 0.0342172458767891 0.059195265173912 0.0530257411301136 0.079533576965332 0.106981381773949 0.0427171066403389 0.0349698700010777 0.0158072579652071 0.0188727956265211 0.00600956287235022 0.00674385670572519 0.00816425122320652 0.0061208619736135 0.00803728308528662 0.00211601844057441 0.00223134178668261 0.00185751810204238 0.00192577682901174 0.00148963986430317 0.00177399755921215 0.0032769211102277 0.00170708075165749 0.00124576734378934
0.00183149334043264 0.00197785045020282 0.00288591487333179 0.00241965218447149 0.00223681633360684 0.00297128688544035 0.0147096365690231 0.0038791939150542 0.00405755545943975 0.00415790686383843 0.00316792353987694 0.00155260518658906 0.00167200865689665 0.00253317365422845 0.0027363661210984 0.00618608854711056 0.0188719052821398 0.0462958626449108 0.0314415097236633 0.0273033417761326 0.0197101514786482 0.0313284955918789 0.0442556627094746 0.0466873198747635 0.0217816978693008 0.0558444373309612 0.103210270404816 0.0387009829282761 0.0343792960047722 0.0233409330248833 0.0297256447374821 0.0406638197600842 0.029604397714138 0.0206428878009319 0.0063772308640182 0.00199406337924302 0.00164724001660943 0.00146381428930908 0.000729583320207894 0.0126322424039245 0.003857864998281 0.00188155274372548 0.00174348196014762 0.000778156914748251 0.00102958653587848
0.00219142576679587 0.00258642225526273 0.00294021097943187 0.00231136847287416 0.00272028683684766 0.00348125072196126 0.0130217876285315 0.0344555005431175 0.0164950601756573 0.0168794710189104 0.00410125544294715 0.0028006040956825 0.0014653253601864 0.00153785140719265 0.0020634678658098 0.00238484656438231 0.00164397188927978 0.00708529679104686 0.0209792852401733 0.0452956557273865 0.0659045502543449 0.0615458264946938 0.0353079289197922 0.0112871201708913 0.0377255566418171 0.0903621092438698 0.0878494009375572 0.0150109082460403 0.012313318438828 0.0161338709294796 0.00468887528404593 0.00482953619211912 0.00172438635490835 0.00147482240572572 0.00125411967746913 0.000164744284120388 0.000162489173817448 0.000674930459354073 0.000621286453679204 0.00184161367360502 0.00212972704321146 0.00276249647140503 0.00198876298964024 0.000670560577418655 0.0028342439327389
0.00236299377866089 0.00289303949102759 0.00322996452450752 0.0033172694966197 0.00268709147349 0.0101144146174192 0.0100097330287099 0.0119692254811525 0.0654820278286934 0.0168479327112436 0.00384880998171866 0.00366412149742246 0.00209317123517394 0.00136273237876594 0.0016112265875563 0.00248931185342371 0.00753132533282042 0.00503855524584651 0.0270589161664248 0.0531042031943798 0.0374830737709999 0.0125557212159038 0.00840615946799517 0.0106099043041468 0.0223635025322437 0.0634951591491699 0.0899789482355118 0.00708008138462901 0.00406101252883673 0.00539398938417435 0.0012718066573143 0.000700284610502422 0.00143412337638438 0.00017712423868943 0.000175616951310076 0.000314054341288283 0.000157027563545853 0.000186551289516501 0.00136518850922585 0.00285262381657958 0.00246111396700144 0.00226690480485559 0.00191919086501002 0.00226782937534153 0.00186442665290087
0.002511256374419 0.00371114769950509 0.00394649477675557 0.0128048369660974 0.00374699500389397 0.00241701700724661 0.010260253213346 0.00766008067876101 0.0338861085474491 0.064642459154129 0.0129343802109361 0.00475536985322833 0.00293660117313266 0.00131722376681864 0.00135534850414842 0.00169254967477173 0.00706967851147056 0.00813303701579571 0.00470400042831898 0.0181097481399775 0.0363610535860062 0.0300895739346743 0.0234056357294321 0.0255539398640394 0.0351678878068924 0.0668868869543076 0.0844472348690033 0.0466040298342705 0.00600109761580825 0.0053120874799788 0.00157225865405053 0.00117904297076166 0.000261247158050537 0.000173386244568974 0.00128882296849042 0.00184245919808745 0.000120761767902877 0.00108911434654146 0.00041107353172265 0.0098668159916997 0.00359420850872993 0.00215066806413233 0.00191026797983795 0.00398813281208277 0.0032089170999825
0.00279394397512078 0.0104526588693261 0.0118002584204078 0.0334752574563026 0.0115078119561076 0.0113031296059489 0.00861755479127169 0.00956156384199858 0.0249212421476841 0.0573088079690933 0.0564507246017456 0.0409348122775555 0.00405129976570606 0.00157792668323964 0.00145808455999941 0.0013349928194657 0.00161372392904013 0.0198097135871649 0.00533216586336493 0.0230472572147846 0.0291799493134022 0.0310857556760311 0.0366090796887875 0.0386415906250477 0.0396974869072437 0.0550974868237972 0.0798554196953773 0.098471611738205 0.069275788962841 0.0366824269294739 0.0367292910814285 0.00325000798329711 0.00558450352400541 0.034027423709631 0.0411416105926037 0.000175909459358081 0.000131478911498562 0.00122189754620194 0.00158240715973079 0.0560972169041634 0.00291180843487382 0.00043538081808947 0.00222980743274093 0.0172196943312883 0.00552005367353559
0.00182790274266154 0.0122291604056954 0.0481604114174843 0.0302789229899645 0.0126092806458473 0.0310296099632978 0.0321165360510349 0.00948690343648195 0.0410838723182678 0.0596771016716957 0.0618120022118092 0.0154011622071266 0.00349457561969757 0.00129537016618997 0.00146466342266649 0.00148531363811344 0.00138068816158921 0.00413516582921147 0.00523996027186513 0.0202434528619051 0.0247952900826931 0.0356593281030655 0.0403187647461891 0.0231126062572002 0.0226592775434256 0.0371036492288113 0.0578885935246944 0.0958659052848816 0.0702749937772751 0.0202583502978086 0.0359509401023388 0.0631947666406631 0.0532566979527473 0.0160419382154942 0.000501772272400558 0.000535530096385628 0.00500662112608552 0.0188193432986736 0.0266582369804382 0.0505532287061214 0.0238523297011852 0.0067348126322031 0.00656159408390522 0.0611316412687302 0.125169321894646
0.00169737753458321 0.00227716355584562 0.00940758176147938 0.00828315131366253 0.0490525290369987 0.0466554537415504 0.0518089160323143 0.0524254329502583 0.043059092015028 0.0590728521347046 0.0279369298368692 0.0576283074915409 0.00314847915433347 0.00278307613916695 0.00213648797944188 0.00162342889234424 0.00139467895496637 0.00399688351899385 0.0225713681429625 0.0227102506905794 0.0193605255335569 0.0238679088652134 0.0202724449336529 0.0247519202530384 0.0324659235775471 0.0432441867887974 0.0429369248449802 0.0874555930495262 0.0820088684558868 0.00891707744449377 0.00728739053010941 0.0398274064064026 0.0412309877574444 0.00153155729640275 0.00580734293907881 0.0290313456207514 0.00548352347686887 0.00501507613807917 0.0234216563403606 0.0208220928907394 0.00723162107169628 0.00558850262314081 0.00332498853094876 0.0949285626411438 0.117842599749565
