output/projections/enclaves_nsf.asc
NCOLS 203 
NROWS 192 
XLLCORNER -41.875139442 
YLLCORNER -10.4584725408311 
CELLSIZE 0.0416666665 
NODATA_value -3.4e+38 
[rows 120 to 139 of 192, columns 45 to 89 of 203]
0.2513188123703 0.332707524299622 0.370219022035599 0.363876551389694 0.157774820923805 0.171086385846138 0.124554149806499 0.196350261569023 0.342761188745499 0.408705234527588 0.433562070131302 0.405120402574539 0.419613927602768 0.428323596715927 0.378093183040619 0.307553350925446 0.360565721988678 0.427983641624451 0.422350078821182 0.470289438962936 0.586521327495575 0.484564483165741 0.349015176296234 0.264389961957932 0.157119050621986 0.0992821455001831 0.11914823949337 0.023065522313118 0.0333106890320778 0.0299055110663176 0.0568820424377918 0.0692131817340851 0.1196343973279 0.131974935531616 0.128922879695892 0.0795145183801651 0.0771523490548134 0.0766194090247154 0.0261713173240423 0.0056666349992156 0.0221046525985003 0.00926254317164421 0.00668828748166561 0.00512372003868222 0.0210325829684734
0.233379155397415 0.330189943313599 0.392952054738998 0.306495189666748 0.211132988333702 0.177088856697083 0.153270706534386 0.0911454707384109 0.152693301439285 0.18396033346653 0.15200200676918 0.3178830742836 0.455824285745621 0.442912638187408 0.423142790794373 0.368368268013 0.294977396726608 0.344790160655975 0.412208914756775 0.553740680217743 0.417473465204239 0.249633237719536 0.289433300495148 0.253709614276886 0.0912478491663933 0.097906306385994 0.144681662321091 0.0940752252936363 0.0396839678287506 0.0506443455815315 0.0635685473680496 0.0741153657436371 0.122381836175919 0.115733250975609 0.0960875451564789 0.0625643730163574 0.0657664835453033 0.0539217703044415 0.00735088950023055 0.0046530463732779 0.0305696409195662 0.0487654767930508 0.00903669465333223 0.00408590771257877 0.0231745205819607
0.240101620554924 0.320763975381851 0.392557173967361 0.360148221254349 0.228355675935745 0.167310953140259 0.148474767804146 0.106488339602947 0.152368634939194 0.13651017844677 0.115010946989059 0.115394741296768 0.31203705072403 0.440905094146729 0.438020884990692 0.432669848203659 0.378380686044693 0.278912574052811 0.440388679504395 0.555377781391144 0.404927581548691 0.164219781756401 0.113409623503685 0.134261339902878 0.149736419320107 0.11639129370451 0.0950848385691643 0.047071747481823 0.0382402166724205 0.0693365633487701 0.118445374071598 0.169005736708641 0.117781035602093 0.0956142619252205 0.085875540971756 0.0426005721092224 0.0198553446680307 0.029784943908453 0.0443951785564423 0.0249734669923782 0.0212717298418283 0.0383994542062283 0.0369326062500477 0.0239192601293325 0.0216590333729982
0.127879291772842 0.250973284244537 0.388110935688019 0.276260823011398 0.251192629337311 0.165706887841225 0.117568269371986 0.118157371878624 0.159281924366951 0.123819708824158 0.122519418597221 0.131203874945641 0.174152985215187 0.176063299179077 0.324088573455811 0.459210723638535 0.452519118785858 0.309239089488983 0.261012613773346 0.307228147983551 0.237690284848213 0.159594595432281 0.196485638618469 0.168875798583031 0.271952718496323 0.140488758683205 0.0648574158549309 0.0537740364670753 0.0723473653197289 0.123846173286438 0.117095679044724 0.181235328316689 0.114896170794964 0.1002426892519 0.0767219662666321 0.0512604042887688 0.0296842530369759 0.03841757401824 0.0398035272955894 0.0411378517746925 0.0224748197942972 0.0220384187996387 0.0375697799026966 0.0329872593283653 0.0346755497157574
0.0487770326435566 0.108235538005829 0.366098165512085 0.333877712488174 0.18837770819664 0.160370051860809 0.143067389726639 0.118243142962456 0.143000036478043 0.107465744018555 0.102257966995239 0.110982492566109 0.10509791970253 0.111797653138638 0.136842206120491 0.305761724710464 0.448359280824661 0.407094091176987 0.29986384510994 0.238986387848854 0.205726563930511 0.179210275411606 0.254534006118774 0.136479884386063 0.152718365192413 0.0967380851507187 0.0536079779267311 0.0460209622979164 0.0594647154211998 0.0777664035558701 0.0988477021455765 0.181977510452271 0.12376281619072 0.0550785772502422 0.059772863984108 0.050618439912796 0.0336470678448677 0.0391584783792496 0.0405840501189232 0.0532699711620808 0.0471593625843525 0.0224281065165997 0.0239754244685173 0.0425695106387138 0.0615949332714081
0.052903413772583 0.059865515679121 0.201286375522614 0.367894738912582 0.17287540435791 0.126718372106552 0.103832118213177 0.113770544528961 0.107520326972008 0.0863683223724365 0.107301071286201 0.109999559819698 0.114370718598366 0.130785316228867 0.124339483678341 0.135774627327919 0.210634544491768 0.27704581618309 0.316539227962494 0.204230800271034 0.137404829263687 0.0948506891727448 0.125615417957306 0.103643774986267 0.0683531910181046 0.0876318663358688 0.0662499442696571 0.0508989170193672 0.0940869227051735 0.0801124647259712 0.078936979174614 0.0877464115619659 0.111066721379757 0.0925075635313988 0.0817162096500397 0.0560178570449352 0.0382555164396763 0.0723224654793739 0.0974812358617783 0.0768109336495399 0.0525062493979931 0.0230592489242554 0.0378961116075516 0.0489759929478168 0.0905464813113213
0.0580077059566975 0.053955290466547 0.0651272311806679 0.113520294427872 0.149427577853203 0.117238514125347 0.146831169724464 0.145392969250679 0.104686044156551 0.0767833963036537 0.0819554850459099 0.090570479631424 0.100365504622459 0.106190122663975 0.113739788532257 0.101724430918694 0.216154754161835 0.184839949011803 0.197385355830193 0.155496850609779 0.149946421384811 0.0949422642588615 0.0929194837808609 0.0703238695859909 0.0576739460229874 0.071912445127964 0.104682579636574 0.086658239364624 0.08442572504282 0.0610441714525223 0.0528320632874966 0.0648266226053238 0.0704759433865547 0.0658670514822006 0.072820208966732 0.0709698796272278 0.132738724350929 0.101144231855869 0.0975618809461594 0.041354063898325 0.0516296997666359 0.0311967916786671 0.0502762496471405 0.037091601639986 0.0586146488785744
0.0648131147027016 0.0439378172159195 0.0465429872274399 0.0596305467188358 0.100702010095119 0.114397294819355 0.127286404371262 0.12024961411953 0.132912427186966 0.0924409404397011 0.0750832632184029 0.122507244348526 0.0864387080073357 0.0989594608545303 0.104232795536518 0.0972171723842621 0.123707190155983 0.0815623998641968 0.178650602698326 0.162557914853096 0.105081737041473 0.0872199535369873 0.0536018386483192 0.0479472763836384 0.0483477525413036 0.0806569680571556 0.090866282582283 0.072128139436245 0.0806267112493515 0.0703380405902863 0.0393160246312618 0.0391896143555641 0.176432907581329 0.123950287699699 0.0637326017022133 0.107528880238533 0.12503944337368 0.0657300800085068 0.0637626945972443 0.0276771374046803 0.0675185769796371 0.0356797203421593 0.0279172044247389 0.0629138201475143 0.0797617584466934
0.0632231160998344 0.0391736291348934 0.0419654063880444 0.0716420039534569 0.0822701975703239 0.0560728423297405 0.0790294483304024 0.11579106003046 0.107498377561569 0.0938912853598595 0.0599222853779793 0.0634841248393059 0.0909755229949951 0.090968556702137 0.0727842152118683 0.0786748230457306 0.149655655026436 0.0765410214662552 0.109867319464684 0.175623521208763 0.0717269107699394 0.0699746385216713 0.0493496805429459 0.0556622892618179 0.0484658069908619 0.0537913851439953 0.0758343040943146 0.0902678146958351 0.0525499694049358 0.0633387565612793 0.0350140780210495 0.0422935970127583 0.0883151814341545 0.0931812897324562 0.0725466758012772 0.111806407570839 0.086184985935688 0.0876467898488045 0.05000114813447 0.0262398198246956 0.0366403125226498 0.0508343726396561 0.044538713991642 0.127425506711006 0.0736090838909149
0.0556694343686104 0.0371717400848866 0.0578482411801815 0.0588908419013023 0.0543339438736439 0.04511883482337 0.0694140493869781 0.0932833775877953 0.115734525024891 0.0898923501372337 0.0506197959184647 0.0564743727445602 0.0814157724380493 0.0542591214179993 0.0577088668942451 0.100125104188919 0.106481850147247 0.0618326738476753 0.0677076578140259 0.0768470540642738 0.0711476728320122 0.0864425525069237 0.0541497357189655 0.0386454239487648 0.0784274786710739 0.0721297487616539 0.0603542737662792 0.091425858438015 0.0621448792517185 0.0374770835042 0.0295056700706482 0.0504070036113262 0.046792708337307 0.095432423055172 0.0707716196775436 0.051034189760685 0.0883532389998436 0.0779072344303131 0.0486524254083633 0.030942652374506 0.0374566651880741 0.0447158999741077 0.0459319539368153 0.123543068766594 0.142573133111
0.0411716550588608 0.0327435992658138 0.0370639301836491 0.0699323117733002 0.0413383916020393 0.0638315454125404 0.0437476634979248 0.0595968700945377 0.105491951107979 0.0804188922047615 0.0412587113678455 0.0613517202436924 0.0473324880003929 0.0721156522631645 0.0748162716627121 0.0633611455559731 0.0745074301958084 0.0387633144855499 0.0533161498606205 0.0628808364272118 0.0620474927127361 0.0813568383455276 0.0415510758757591 0.0478048846125603 0.0398409217596054 0.0364340916275978 0.035807978361845 0.0349528267979622 0.046385146677494 0.0858347192406654 0.0295959580689669 0.0257950779050589 0.03399957716465 0.0511306151747704 0.0835604146122932 0.0611942932009697 0.052270945161581 0.0553349368274212 0.0344104580581188 0.0265903994441032 0.0279071815311909 0.0317478589713573 0.0459839515388012 0.0829916000366211 0.100016839802265
0.045633964240551 0.0397002696990967 0.0318736396729946 0.0789494961500168 0.0484637729823589 0.0378075018525124 0.0375764183700085 0.053152821958065 0.105630479753017 0.0604305602610111 0.0374430827796459 0.0392620824277401 0.0446113869547844 0.100411541759968 0.0629410371184349 0.0586765073239803 0.0714318603277206 0.0329633317887783 0.0492733642458916 0.0469202809035778 0.059942539781332 0.0761632025241852 0.0374383665621281 0.0271781552582979 0.02458799444139 0.0247355923056602 0.0379883274435997 0.0290506649762392 0.0682485774159431 0.0906500965356827 0.0523852370679379 0.0306507796049118 0.026853745803237 0.0576535575091839 0.0414321273565292 0.0594752617180347 0.0406386144459248 0.0293717607855797 0.0234079714864492 0.0288849249482155 0.0423513650894165 0.039583045989275 0.0442621931433678 0.0390776358544827 0.0196526385843754
0.0307540483772755 0.0497745424509048 0.0404912903904915 0.0536435209214687 0.0547386519610882 0.0287835169583559 0.0319771729409695 0.0406415462493896 0.0817897841334343 0.0562184080481529 0.0315809100866318 0.0416235215961933 0.0838318839669228 0.057098750025034 0.0611403211951256 0.0456688441336155 0.0475961752235889 0.0374711900949478 0.0398852005600929 0.0434975624084473 0.0648668557405472 0.0465359650552273 0.0273000802844763 0.0222752131521702 0.0285827647894621 0.0226065441966057 0.028246745467186 0.0315679498016834 0.0641215145587921 0.0671687424182892 0.0319997631013393 0.0360771678388119 0.0267016422003508 0.0283992122858763 0.0438404642045498 0.0310742855072021 0.0425574630498886 0.0255937296897173 0.0299895908683538 0.0338285565376282 0.0370941422879696 0.0159861110150814 0.0271204244345427 0.0167819987982512 0.0152777526527643
0.0273069255053997 0.0656888335943222 0.049992460757494 0.0338496454060078 0.0384527295827866 0.0294265877455473 0.0305180419236422 0.0368302650749683 0.078138992190361 0.0439621321856976 0.0275674294680357 0.0590576305985451 0.0642223134636879 0.0401915721595287 0.083127036690712 0.0348906330764294 0.037175752222538 0.0261278562247753 0.0248276423662901 0.0307588316500187 0.0499461628496647 0.0311835762113333 0.0243523977696896 0.0248929020017385 0.0230691283941269 0.0352141819894314 0.0234539285302162 0.0514808408915997 0.0537992566823959 0.0406431071460247 0.0504927299916744 0.0342862568795681 0.0513851195573807 0.0322816669940948 0.019940285012126 0.0337876789271832 0.0482626110315323 0.0249505825340748 0.0165937729179859 0.0156385861337185 0.0144765144214034 0.0155944852158427 0.0165695734322071 0.0128683373332024 0.0123582417145371
0.0275581702589989 0.0419731810688972 0.0439372844994068 0.0348781049251556 0.0258164070546627 0.026589248329401 0.0273835193365812 0.0393946655094624 0.0529728531837463 0.0423752181231976 0.0248396340757608 0.0364366956055164 0.0630616545677185 0.0360158905386925 0.0316502265632153 0.0288284718990326 0.0252520926296711 0.0265645980834961 0.0244567915797234 0.0584289878606796 0.0701959729194641 0.0221855286508799 0.0181517750024796 0.0173892267048359 0.0167815778404474 0.0285745859146118 0.059880580753088 0.0543845631182194 0.044568907469511 0.0217133574187756 0.0478902384638786 0.0167941991239786 0.036927118897438 0.0321194939315319 0.0216436013579369 0.0302302278578281 0.0340978316962719 0.0183781404048204 0.0114889331161976 0.0121456952765584 0.0117054162546992 0.0427505299448967 0.0418678931891918 0.0318622924387455 0.0210095532238483
0.0247596316039562 0.0123922526836395 0.0328275710344315 0.0289163831621408 0.0352092906832695 0.0240379925817251 0.0224903076887131 0.0329850800335407 0.0290983244776726 0.00536367623135448 0.00314614269882441 0.0353445261716843 0.0501870885491371 0.0298216119408607 0.0255894977599382 0.0301933046430349 0.0272449348121881 0.0254621896892786 0.0266301836818457 0.0593946874141693 0.0265568923205137 0.014121713116765 0.0165616348385811 0.0185999441891909 0.0257327612489462 0.0334189757704735 0.0248844847083092 0.0289490353316069 0.0228042136877775 0.0177354570478201 0.0182236265391111 0.0167261958122253 0.0303045231848955 0.0350942835211754 0.0167190078645945 0.0189888849854469 0.0141920670866966 0.0117883393540978 0.00943941157311201 0.0111366407945752 0.0273825358599424 0.069561667740345 0.0470643416047096 0.0303599592298269 0.0150836706161499
0.0293442830443382 0.0110697513446212 0.022378833964467 0.0319518893957138 0.0407883301377296 0.0384107865393162 0.0167896412312984 0.0231061484664679 0.00220177113078535 0.026639349758625 0.0245815217494965 0.0403040982782841 0.0597702413797379 0.030695078894496 0.0231126304715872 0.0220691412687302 0.0236621908843517 0.0210819914937019 0.0228936914354563 0.0197156090289354 0.00880822073668242 0.0122282644733787 0.00750340102240443 0.0166668985038996 0.0368850491940975 0.0274843908846378 0.0235173776745796 0.032407108694315 0.0195151828229427 0.0195186734199524 0.0201815497130156 0.0346529595553875 0.0137931536883116 0.0132702104747295 0.0168257877230644 0.00972915627062321 0.00902396533638239 0.0270665381103754 0.0233058128505945 0.0160318128764629 0.0190915744751692 0.0199043173342943 0.0119365248829126 0.00947486236691475 0.00920458044856787
0.0203043464571238 0.0192450359463692 0.002452302724123 0.0258314963430166 0.0275602992624044 0.0258786808699369 0.00444589136168361 0.0023496188223362 0.00283044669777155 0.0297880563884974 0.0370063856244087 0.057326428592205 0.03969382122159 0.0314564444124699 0.0171693656593561 0.00769797526299953 0.00698981527239084 0.00807239674031734 0.00885493028908968 0.00940666720271111 0.00945621263235807 0.0077297599054873 0.0315140821039677 0.0298764351755381 0.0283654276281595 0.0170053169131279 0.0186583008617163 0.0276231560856104 0.0204678270965815 0.0294790305197239 0.0206576306372881 0.0178334470838308 0.0243897568434477 0.0194471180438995 0.0212455336004496 0.00716733979061246 0.0107734920457006 0.014649317599833 0.011898216791451 0.00988879892975092 0.0069366404786706 0.00622444553300738 0.00584577955305576 0.00433273147791624 0.0107033113017678
0.00293067470192909 0.0191120002418756 0.0205195602029562 0.0213977284729481 0.0262569077312946 0.0263857208192348 0.00222237594425678 0.00263273413293064 0.00269503751769662 0.00292460131458938 0.0342821329832077 0.0319823026657104 0.0242402944713831 0.0267771389335394 0.018482968211174 0.00658313138410449 0.0183215923607349 0.0348741635680199 0.0157586690038443 0.015799704939127 0.0196384731680155 0.0224767960608006 0.0282864030450583 0.00706942193210125 0.039574209600687 0.0546868406236172 0.0219559166580439 0.0350933410227299 0.0170066896826029 0.0156247448176146 0.0147772617638111 0.0413028560578823 0.0367696695029736 0.0172948725521564 0.0159340687096119 0.00607862276956439 0.00687332917004824 0.00739879161119461 0.00901820324361324 0.00895468611270189 0.00744308065623045 0.00945772137492895 0.00329794455319643 0.0140005266293883 0.0265696980059147
0.030638450756669 0.0248478408902884 0.0203379429876804 0.00929661281406879 0.00971106253564358 0.0228455383330584 0.00229538348503411 0.00229728920385242 0.0193898938596249 0.00282980850897729 0.0322243124246597 0.0062669231556356 0.0206702426075935 0.0331528075039387 0.0172967929393053 0.00563850346952677 0.00558108789846301 0.00526460772380233 0.00574344396591187 0.00790983065962791 0.0257728919386864 0.0171652920544147 0.0118404887616634 0.00533162709325552 0.0248219277709723 0.0167948473244905 0.0132268909364939 0.00653219595551491 0.00788206700235605 0.0622375793755054 0.035925630480051 0.0259663946926594 0.0167828779667616 0.0171046648174524 0.0101131619885564 0.00912903528660536 0.00499633699655533 0.00810931157320738 0.00925719365477562 0.00492428382858634 0.0052511403337121 0.00320078223012388 0.00798212736845016 0.0242408625781536 0.0279581509530544
