output/projections/enclaves_nsf.asc
NCOLS 203 
NROWS 192 
XLLCORNER -41.875139442 
YLLCORNER -10.4584725408311 
CELLSIZE 0.0416666665 
NODATA_value -3.4e+38 
[rows 20 to 39 of 192, columns 45 to 89 of 203]
0.00384888472035527 0.00333769153803587 0.0044374824501574 0.00459717726334929 0.00471897888928652 0.00563073018565774 0.00799776148051023 0.00744614377617836 0.00986476242542267 0.0136896157637239 0.0159470830112696 0.0144679797813296 0.0159447006881237 0.0177822317928076 0.0191598776727915 0.020714420825243 0.0200918670743704 0.0289049353450537 0.027508994564414 0.0298409145325422 0.0265294201672077 -3.4e+38 -3.4e+38 -3.4e+38 -3.4e+38 -3.4e+38 -3.4e+38 -3.4e+38 -3.4e+38 -3.4e+38 -3.4e+38 -3.4e+38 -3.4e+38 -3.4e+38 -3.4e+38 -3.4e+38 -3.4e+38 -3.4e+38 -3.4e+38 -3.4e+38 -3.4e+38 -3.4e+38 -3.4e+38 -3.4e+38 -3.4e+38
0.00315509573556483 0.00318793160840869 0.00355679867789149 0.00402266113087535 0.00468169106170535 0.0052443933673203 0.00534493802115321 0.00592917017638683 0.00784456357359886 0.0121316127479076 0.0148366363719106 0.0144001403823495 0.0133092310279608 0.0167045183479786 0.0176664926111698 0.017460536211729 0.017899464815855 0.023816866800189 0.0249531529843807 0.0248411912471056 0.0297025926411152 0.0295091532170773 -3.4e+38 -3.4e+38 -3.4e+38 -3.4e+38 -3.4e+38 -3.4e+38 -3.4e+38 -3.4e+38 -3.4e+38 -3.4e+38 -3.4e+38 -3.4e+38 -3.4e+38 -3.4e+38 -3.4e+38 -3.4e+38 -3.4e+38 -3.4e+38 -3.4e+38 -3.4e+38 -3.4e+38 -3.4e+38 -3.4e+38
0.0028739154804498 0.0038440003991127 0.00380232301540673 0.0035448195412755 0.00454547815024853 0.00502968393266201 0.00493733678013086 0.0059830704703927 0.00601926958188415 0.0092187337577343 0.0118660759180784 0.0128820473328233 0.0110499663278461 0.0146158924326301 0.0165516007691622 0.0158623792231083 0.0167583003640175 0.0195271167904139 0.0227569956332445 0.0240074638277292 0.0258334297686815 0.0227896403521299 0.0236914604902267 0.0378316901624203 0.0465665571391582 -3.4e+38 -3.4e+38 -3.4e+38 -3.4e+38 -3.4e+38 -3.4e+38 -3.4e+38 -3.4e+38 -3.4e+38 -3.4e+38 -3.4e+38 -3.4e+38 -3.4e+38 -3.4e+38 -3.4e+38 -3.4e+38 -3.4e+38 -3.4e+38 -3.4e+38 -3.4e+38
0.0034610100556165 0.0041104662232101 0.00325224036350846 0.00277767516672611 0.00447869999334216 0.0046061952598393 0.00460378266870975 0.00545914052054286 0.00557152414694428 0.00672621140256524 0.00803347676992416 0.00976615771651268 0.0111010586842895 0.0122340926900506 0.0131957093253732 0.0142613248899579 0.0139210345223546 0.0186817366629839 0.0197929404675961 0.0201924834400415 0.0189531166106462 0.0188121851533651 0.0235702600330114 0.0272808279842138 0.0499086938798428 0.0404514595866203 -3.4e+38 -3.4e+38 -3.4e+38 -3.4e+38 -3.4e+38 -3.4e+38 -3.4e+38 -3.4e+38 -3.4e+38 -3.4e+38 -3.4e+38 -3.4e+38 -3.4e+38 -3.4e+38 -3.4e+38 -3.4e+38 -3.4e+38 -3.4e+38 -3.4e+38
0.00381466723047197 0.00362028973177075 0.00290553877130151 0.00307521200738847 0.00378182483837008 0.00375618529506028 0.00424247281625867 0.00443829549476504 0.0047041648067534 0.00540979066863656 0.00915142428129911 0.008721056394279 0.00937635451555252 0.0101395603269339 0.0120436074212193 0.0128841111436486 0.0118897380307317 0.0179834067821503 0.0192149262875319 0.0176444426178932 0.0150768328458071 0.0168714318424463 0.0212212651968002 0.0232267808169127 0.0416021384298801 0.042455118149519 0.0362924747169018 -3.4e+38 -3.4e+38 -3.4e+38 -3.4e+38 -3.4e+38 -3.4e+38 -3.4e+38 -3.4e+38 -3.4e+38 -3.4e+38 -3.4e+38 -3.4e+38 -3.4e+38 -3.4e+38 -3.4e+38 -3.4e+38 -3.4e+38 -3.4e+38
0.00408723298460245 0.0035355540458113 0.00291813653893769 0.00286671053618193 0.0033328253775835 0.00321463774889708 0.0028031668625772 0.00441237678751349 0.00292713171802461 0.117930568754673 0.136413380503654 0.0139438761398196 0.00779599417001009 0.00887466873973608 0.0109061384573579 0.0109784854575992 0.0116744069382548 0.0152455065399408 0.0163526199758053 0.0139416251331568 0.0125514566898346 0.0153242079541087 0.0186932794749737 0.0210971422493458 0.0240889061242342 0.0243475362658501 0.0450069531798363 0.0318033508956432 -3.4e+38 -3.4e+38 -3.4e+38 -3.4e+38 -3.4e+38 -3.4e+38 -3.4e+38 -3.4e+38 -3.4e+38 -3.4e+38 -3.4e+38 -3.4e+38 -3.4e+38 -3.4e+38 -3.4e+38 -3.4e+38 -3.4e+38
0.00324195809662342 0.00391089729964733 0.00283171306364238 0.00239536794833839 0.002296854974702 0.00251841149292886 0.00214478280395269 0.123192124068737 0.0776135995984077 0.12177187949419 0.198155179619789 0.150549098849297 0.00908606685698032 0.00880790408700705 0.00703392270952463 0.0101664792746305 0.011465584859252 0.0109170600771904 0.0117090819403529 0.0104490965604782 0.0117528373375535 0.0153047060593963 0.0159548260271549 0.0170029178261757 0.0190724488347769 0.0281750671565533 0.0368454121053219 0.040589589625597 0.0604606382548809 0.0502668470144272 -3.4e+38 -3.4e+38 -3.4e+38 -3.4e+38 -3.4e+38 -3.4e+38 -3.4e+38 -3.4e+38 -3.4e+38 -3.4e+38 -3.4e+38 -3.4e+38 -3.4e+38 -3.4e+38 -3.4e+38
0.00283659156411886 0.00309086800552905 0.00230032741092145 0.00299392710439861 0.00195162673480809 0.0695071816444397 0.0968653112649918 0.112334541976452 0.160943910479546 0.224439471960068 0.229454681277275 0.031390767544508 0.0109582776203752 0.00542542897164822 0.00726628396660089 0.00822419486939907 0.0107577657327056 0.0096967676654458 0.00848769303411245 0.00958015955984592 0.011496308259666 0.013402221724391 0.0141556775197387 0.0164034403860569 0.0163912232965231 0.0178839191794395 0.0315956510603428 0.0388812609016895 0.0489160642027855 0.0501724928617477 0.0525771789252758 -3.4e+38 -3.4e+38 -3.4e+38 -3.4e+38 -3.4e+38 -3.4e+38 -3.4e+38 -3.4e+38 -3.4e+38 -3.4e+38 -3.4e+38 -3.4e+38 -3.4e+38 -3.4e+38
0.00241099903360009 0.00284446263685822 0.001600022893399 0.0381923988461494 0.00285481847822666 0.0493085309863091 0.1116002202034 0.0967580229043961 0.203534156084061 0.222566112875938 0.172164782881737 0.141694471240044 0.00868826359510422 0.00541568174958229 0.00515734404325485 0.00501619838178158 0.00751568889245391 0.00796674191951752 0.00664890091866255 0.00871535297483206 0.010560791939497 0.0121120717376471 0.013873029500246 0.0152788693085313 0.0152109535411 0.0256037209182978 0.0285526998341084 0.0357193537056446 0.0392847284674644 0.0449565760791302 0.0547202862799168 0.0646892413496971 -3.4e+38 -3.4e+38 -3.4e+38 -3.4e+38 -3.4e+38 -3.4e+38 -3.4e+38 -3.4e+38 -3.4e+38 -3.4e+38 -3.4e+38 -3.4e+38 -3.4e+38
0.00308153033256531 0.00308738788589835 0.00167591625358909 0.00168205623049289 0.00942387245595455 0.14161379635334 0.0662161186337471 0.0631126239895821 0.187189728021622 0.0794435888528824 0.0755571499466896 0.189055532217026 0.00804744753986597 0.00475236494094133 0.00452685914933681 0.00433997856453061 0.00505167059600353 0.00455119274556637 0.00450268946588039 0.00832863617688417 0.00975753366947174 0.0116644809022546 0.0127924308180809 0.0123920189216733 0.0136398691684008 0.0162164568901062 0.0277383886277676 0.0293580964207649 0.0292832776904106 0.0757373124361038 0.0539181940257549 0.0517914704978466 0.0654064491391182 0.0655591040849686 0.075704962015152 -3.4e+38 0.0836772844195366 -3.4e+38 -3.4e+38 -3.4e+38 -3.4e+38 -3.4e+38 -3.4e+38 -3.4e+38 -3.4e+38
0.00329072983004153 0.00334488297812641 0.00188780680764467 0.00166359695140272 0.00209250953048468 0.00298763811588287 0.00243418104946613 0.00328840222209692 0.0117194354534149 0.0798833295702934 0.0174930207431316 0.104602411389351 0.0106854308396578 0.00522706005722284 0.00564121035858989 0.00401195604354143 0.00368314748629928 0.00269251060672104 0.00498507125303149 0.00684438599273562 0.00849291123449802 0.0107119753956795 0.0105155045166612 0.0104311648756266 0.0183873772621155 0.0194858554750681 0.0230019968003035 0.0262840930372477 0.0364774875342846 0.0615997910499573 0.0477650016546249 0.049996342509985 0.0507407374680042 0.0586942806839943 0.0729732885956764 0.083716943860054 0.096133828163147 0.0956974402070045 -3.4e+38 -3.4e+38 -3.4e+38 -3.4e+38 -3.4e+38 -3.4e+38 -3.4e+38
0.0951945036649704 0.00426056608557701 0.00293444842100143 0.00226947315968573 0.00227609812282026 0.0021571118850261 0.00234807236120105 0.00241018389351666 0.0029476135969162 0.0188768748193979 0.0275169126689434 0.00740142585709691 0.00646714959293604 0.00449415994808078 0.00366013823077083 0.00366758508607745 0.00384257431142032 0.00253917439840734 0.00395038304850459 0.00600099097937346 0.00869940966367722 0.0092951375991106 0.00943446438759565 0.0108713321387768 0.011671693995595 0.0194152686744928 0.0210474971681833 0.0263154916465282 0.0362107269465923 0.432998478412628 0.0466691143810749 0.0414560623466969 0.0454136803746223 0.0493715479969978 0.0710809305310249 0.0733618065714836 0.0816230177879333 0.0903890207409859 -3.4e+38 -3.4e+38 -3.4e+38 -3.4e+38 -3.4e+38 -3.4e+38 -3.4e+38
0.00295830587856472 0.00572434393689036 0.00299646309576929 0.00215405458584428 0.00390611472539604 0.00361096090637147 0.00306449318304658 0.00232035759836435 0.00292110140435398 0.0033106142655015 0.00390324834734201 0.00358167430385947 0.00322692305780947 0.00488005299121141 0.00426007295027375 0.0046351095661521 0.00317575433291495 0.00273974356241524 0.00248059118166566 0.00314687751233578 0.00678869523108006 0.00833952613174915 0.00912338215857744 0.0104418341070414 0.0142036145552993 0.0188882984220982 0.0233523454517126 0.0375856831669807 0.0341389998793602 0.0447471998631954 0.0323390923440456 0.0426592454314232 0.0504433140158653 0.0489840470254421 0.0591144785284996 0.0644269809126854 0.0781285390257835 0.0803299769759178 0.0868293717503548 -3.4e+38 -3.4e+38 -3.4e+38 -3.4e+38 -3.4e+38 -3.4e+38
0.00274222507141531 0.00230818381533027 0.00209884345531464 0.00216424930840731 0.00293982564471662 0.00338858971372247 0.00274594011716545 0.00219225254841149 0.00296547217294574 0.00469331862404943 0.00447477446869016 0.00327201862819493 0.00660831714048982 0.0098567008972168 0.00511931860819459 0.00319197541102767 0.00321212271228433 0.00334147782996297 0.00285776308737695 0.00310765532776713 0.00412946986034513 0.0081307664513588 0.00918740220367908 0.0102448957040906 0.0127130122855306 0.0233396347612143 0.0277920477092266 0.0400393977761269 0.0258288085460663 0.0254189036786556 0.0403624065220356 0.0898013859987259 0.0498791225254536 0.0489767268300056 0.0496496595442295 0.0561544820666313 0.0661750957369804 0.0698326975107193 0.0834027752280235 0.0795331224799156 -3.4e+38 -3.4e+38 -3.4e+38 -3.4e+38 -3.4e+38
0.00227002706378698 0.00321439327672124 0.00190497108269483 0.00181285454891622 0.00240216194652021 0.00380251463502645 0.00266608828678727 0.00265676225535572 0.00225474475882947 0.00499727623537183 0.0045409849844873 0.00450205337256193 0.00449008028954268 0.00481344340369105 0.00409467658028007 0.00283552519977093 0.00308790104463696 0.00533359171822667 0.0043584480881691 0.00358258350752294 0.00530831050127745 0.00498443795368075 0.00894045177847147 0.0140044251456857 0.0140863265842199 0.0265969000756741 0.0246489308774471 0.0217723809182644 0.0219008345156908 0.024540901184082 0.564961910247803 0.0689974874258041 0.0426205508410931 0.0432400926947594 0.0456915199756622 0.0529318191111088 0.0524190478026867 0.0685377791523933 0.0672684535384178 0.0839059352874756 0.0687707588076591 -3.4e+38 -3.4e+38 -3.4e+38 -3.4e+38
0.00223175622522831 0.00328318192623556 0.00229671131819487 0.00177554052788764 0.00253824423998594 0.00445185974240303 0.00374032836407423 0.00309124146588147 0.00414619455114007 0.00464339787140489 0.00320187234319746 0.00461491942405701 0.00470901699736714 0.00328777497634292 0.00325182266533375 0.0023713787086308 0.00352778704836965 0.00733322883024812 0.00481059914454818 0.0036461791023612 0.00686778780072927 0.00572304846718907 0.00757179223001003 0.014951579272747 0.0221859011799097 0.0200554262846708 0.0204132497310638 0.0199823044240475 0.0217860136181116 0.0403310023248196 0.0716921985149384 0.0432127639651299 0.0489287860691547 0.0564476624131203 0.0427785106003284 0.0508425310254097 0.0515534467995167 0.0520873181521893 0.0512894056737423 0.0688700601458549 0.0802847966551781 0.0808541402220726 -3.4e+38 -3.4e+38 -3.4e+38
0.00220485520549119 0.00313288904726505 0.00199368200264871 0.00155111704953015 0.00241009332239628 0.0883889272809029 0.00394655019044876 0.00437625218182802 0.00437684683129191 0.00307353679090738 0.00281211314722896 0.00285055092535913 0.00481604458764195 0.00239631929434836 0.00373406242579222 0.0032659147400409 0.00384880392812192 0.00619557918980718 0.00694367988035083 0.00467207469046116 0.00792211014777422 0.00781211024150252 0.00917017459869385 0.0154467010870576 0.0219037048518658 0.0190447755157948 0.0207126066088676 0.0228569395840168 0.0275354143232107 0.0339115001261234 0.0400852635502815 0.0379669405519962 0.619499862194061 0.0461713708937168 0.0434863455593586 0.0476859360933304 0.0422727540135384 0.0433401428163052 0.0483510605990887 0.0619575157761574 0.0683435872197151 0.111338764429092 0.103039383888245 -3.4e+38 -3.4e+38
0.00266012432985008 0.00301134795881808 0.00298970635049045 0.00175372848752886 0.00213302671909332 0.0886712446808815 0.0161404386162758 0.0144802434369922 0.00556236878037453 0.00334244919940829 0.00383421406149864 0.00304922927170992 0.00514068407937884 0.00255762808956206 0.00458443677052855 0.00436227396130562 0.00446402886882424 0.00823493860661983 0.00947569403797388 0.00562900677323341 0.00928808934986591 0.00994646642357111 0.01596356369555 0.018452575430274 0.0231940019875765 0.020903442054987 0.0225398987531662 0.0261976048350334 0.0290734879672527 0.0282328464090824 0.028957337141037 0.46782773733139 0.225705102086067 0.0364598967134953 0.043744832277298 0.0329309478402138 0.0414749309420586 0.0406990014016628 0.0460707880556583 0.0713497623801231 0.0762323662638664 0.0946309193968773 0.103406116366386 0.0937121957540512 -3.4e+38
0.00450000865384936 0.00378379970788956 0.00237167393788695 0.0118355266749859 0.00190728961024433 0.0603472851216793 0.0420396067202091 0.0708624124526978 0.0676761195063591 0.00458805309608579 0.00401575723662972 0.00281957699917257 0.00494932383298874 0.00300665944814682 0.00402164878323674 0.00722018908709288 0.00725321052595973 0.0107166646048427 0.00824150163680315 0.00639228103682399 0.0115272728726268 0.0125490976497531 0.0118532041087747 0.0192485060542822 0.0264179408550262 0.246930152177811 0.0303297154605389 0.0410290732979774 0.0308547858148813 0.0240864548832178 0.0337026678025723 0.0472931377589703 0.0364499986171722 0.0310537479817867 0.030926302075386 0.0312417671084404 0.0355995818972588 0.0392667986452579 0.0579286254942417 0.0613501593470573 0.0654396265745163 0.0694580376148224 0.090434156358242 0.0922710373997688 0.0799042284488678
0.151775062084198 0.00486540934070945 0.00302161928266287 0.00287569896318018 0.00248644687235355 0.00992021709680557 0.0924664735794067 0.0187247060239315 0.007000382989645 0.00366969383321702 0.0037809107452631 0.00355720357038081 0.00249736965633929 0.00231020897626877 0.00348744285292923 0.00805498845875263 0.0104269701987505 0.010525687597692 0.00828716903924942 0.00932090450078249 0.0113687152042985 0.0157315544784069 0.0188294090330601 0.0176886431872845 0.0190692488104105 0.495948523283005 0.402101069688797 0.109784834086895 0.0408653728663921 0.027678232640028 0.0260477438569069 0.0271710976958275 0.0262205526232719 0.0299637019634247 0.0249377470463514 0.0281609781086445 0.0342565067112446 0.0494821071624756 0.0511259324848652 0.0528393387794495 0.0569489970803261 0.0644028410315514 0.0670037418603897 0.073516383767128 0.086542584002018
