output/projections/enclaves_ssf.asc
NCOLS 156 
NROWS 159 
XLLCORNER -42.625139439 
YLLCORNER -16.0001391852925 
CELLSIZE 0.0416666665 
NODATA_value -3.4e+38 
[rows 44 to 65 of 159, columns 98 to 146 of 156]
0.173371270298958 0.147515937685966 0.179251253604889 0.16746760904789 0.192700833082199 0.2609723508358 0.334194511175156 0.251787930727005 0.463228225708008 0.458498775959015 0.47016179561615 0.453633904457092 0.430042743682861 0.295971691608429 0.519675314426422 0.574406683444977 0.544308304786682 0.535912752151489 0.553452968597412 0.583249449729919 0.578802049160004 0.597158968448639 0.596798121929169 0.608750641345978 0.597463667392731 0.626138985157013 0.633441150188446 0.643842101097107 0.66111296415329 0.651923418045044 0.683608412742615 0.679984152317047 0.671260476112366 -3.4e+38 -3.4e+38 -3.4e+38 -3.4e+38 -3.4e+38 -3.4e+38 -3.4e+38 -3.4e+38 -3.4e+38 -3.4e+38 -3.4e+38 -3.4e+38 -3.4e+38 -3.4e+38 -3.4e+38 -3.4e+38
0.117356173694134 0.212434262037277 0.22402249276638 0.194685816764832 0.164139807224274 0.22533106803894 0.328748404979706 0.270340621471405 0.454948335886002 0.330688714981079 0.484999924898148 0.459254652261734 0.424787163734436 0.423248320817947 0.541382610797882 0.535423874855042 0.529138028621674 0.539079904556274 0.578405380249023 0.56168532371521 0.56877076625824 0.57524973154068 0.56809800863266 0.601686954498291 0.607888102531433 0.62722247838974 0.643244922161102 0.653984367847443 0.665757834911346 0.662435948848724 0.679609775543213 0.678779184818268 -3.4e+38 -3.4e+38 -3.4e+38 -3.4e+38 -3.4e+38 -3.4e+38 -3.4e+38 -3.4e+38 -3.4e+38 -3.4e+38 -3.4e+38 -3.4e+38 -3.4e+38 -3.4e+38 -3.4e+38 -3.4e+38 -3.4e+38
0.129851430654526 0.317527174949646 0.208467990159988 0.169676765799522 0.242000922560692 0.179620638489723 0.212699145078659 0.231084585189819 0.332337915897369 0.438320368528366 0.468156158924103 0.467091500759125 0.451473027467728 0.415854662656784 0.546433866024017 0.53864586353302 0.54329127073288 0.541244626045227 0.586383104324341 0.591861665248871 0.59205687046051 0.596707105636597 0.596814513206482 0.634076297283173 0.643312096595764 0.6446453332901 0.656706690788269 0.649462163448334 0.661713600158691 0.677292823791504 0.678774356842041 -3.4e+38 -3.4e+38 -3.4e+38 -3.4e+38 -3.4e+38 -3.4e+38 -3.4e+38 -3.4e+38 -3.4e+38 -3.4e+38 -3.4e+38 -3.4e+38 -3.4e+38 -3.4e+38 -3.4e+38 -3.4e+38 -3.4e+38 -3.4e+38
0.205963715910912 0.268095701932907 0.162619382143021 0.218467712402344 0.195244565606117 0.176920667290688 0.418879300355911 0.340249419212341 0.239039123058319 0.302250266075134 0.436452925205231 0.484538555145264 0.490195900201797 0.508155524730682 0.580109119415283 0.53289008140564 0.550205290317535 0.574344992637634 0.577281296253204 0.594042539596558 0.601577818393707 0.606291353702545 0.62164705991745 0.630353808403015 0.646052658557892 0.642737805843353 0.65913587808609 0.668482303619385 0.672205150127411 0.679704964160919 -3.4e+38 -3.4e+38 -3.4e+38 -3.4e+38 -3.4e+38 -3.4e+38 -3.4e+38 -3.4e+38 -3.4e+38 -3.4e+38 -3.4e+38 -3.4e+38 -3.4e+38 -3.4e+38 -3.4e+38 -3.4e+38 -3.4e+38 -3.4e+38 -3.4e+38
0.273755699396133 0.234656661748886 0.167110040783882 0.231043592095375 0.175355404615402 0.223512932658195 0.450510740280151 0.426817148923874 0.412025809288025 0.237290620803833 0.334050208330154 0.478056728839874 0.502137660980225 0.516036808490753 0.537404239177704 0.55956107378006 0.52545028924942 0.588779985904694 0.588529407978058 0.581315517425537 0.597524583339691 0.623840630054474 0.627025246620178 0.645910561084747 0.657689154148102 0.664001226425171 0.665973961353302 0.666874051094055 0.677997410297394 0.684337854385376 -3.4e+38 -3.4e+38 -3.4e+38 -3.4e+38 -3.4e+38 -3.4e+38 -3.4e+38 -3.4e+38 -3.4e+38 -3.4e+38 -3.4e+38 -3.4e+38 -3.4e+38 -3.4e+38 -3.4e+38 -3.4e+38 -3.4e+38 -3.4e+38 -3.4e+38
0.295005410909653 0.199955835938454 0.188668951392174 0.229859486222267 0.39470899105072 0.271555304527283 0.457203984260559 0.440272569656372 0.452994912862778 0.442113041877747 0.300911456346512 0.384583026170731 0.493598073720932 0.501609444618225 0.534404158592224 0.527845740318298 0.525353729724884 0.588972806930542 0.608032405376434 0.609029293060303 0.595678627490997 0.625734925270081 0.646606624126434 0.6521977186203 0.660917341709137 0.671779632568359 0.671564996242523 0.665985226631165 0.677348911762238 0.672213912010193 -3.4e+38 -3.4e+38 -3.4e+38 -3.4e+38 -3.4e+38 -3.4e+38 -3.4e+38 -3.4e+38 -3.4e+38 -3.4e+38 -3.4e+38 -3.4e+38 -3.4e+38 -3.4e+38 -3.4e+38 -3.4e+38 -3.4e+38 -3.4e+38 -3.4e+38
0.341898858547211 0.250546753406525 0.365338087081909 0.356966972351074 0.394623965024948 0.428974181413651 0.440848588943481 0.463907182216644 0.477865248918533 0.480871200561523 0.467371016740799 0.414069950580597 0.515505969524384 0.541889667510986 0.559283852577209 0.586231470108032 0.565943241119385 0.570012867450714 0.612463295459747 0.61901330947876 0.629615545272827 0.621722638607025 0.654816687107086 0.664139926433563 0.6540567278862 0.668627560138702 0.679333090782166 0.672865927219391 0.66958099603653 -3.4e+38 -3.4e+38 -3.4e+38 -3.4e+38 -3.4e+38 -3.4e+38 -3.4e+38 -3.4e+38 -3.4e+38 -3.4e+38 -3.4e+38 -3.4e+38 -3.4e+38 -3.4e+38 -3.4e+38 -3.4e+38 -3.4e+38 -3.4e+38 -3.4e+38 -3.4e+38
0.392983317375183 0.372501909732819 0.352469712495804 0.412532180547714 0.378108263015747 0.406415104866028 0.424487173557281 0.450241267681122 0.463067620992661 0.487328261137009 0.494703263044357 0.508531808853149 0.52664989233017 0.548308312892914 0.581736981868744 0.584709584712982 0.594936549663544 0.583784997463226 0.585573554039001 0.611072361469269 0.637396812438965 0.620884597301483 0.652718782424927 0.665347516536713 0.661939799785614 0.671904265880585 0.672824382781982 0.674035370349884 -3.4e+38 -3.4e+38 -3.4e+38 -3.4e+38 -3.4e+38 -3.4e+38 -3.4e+38 -3.4e+38 -3.4e+38 -3.4e+38 -3.4e+38 -3.4e+38 -3.4e+38 -3.4e+38 -3.4e+38 -3.4e+38 -3.4e+38 -3.4e+38 -3.4e+38 -3.4e+38 -3.4e+38
0.374193549156189 0.393769860267639 0.334799289703369 0.394828975200653 0.446260958909988 0.390576183795929 0.469536811113358 0.486880481243134 0.48304146528244 0.48765429854393 0.488558858633041 0.534430086612701 0.525604605674744 0.536829054355621 0.582222521305084 0.600454211235046 0.61171281337738 0.608966052532196 0.616044223308563 0.604700446128845 0.612718760967255 0.647148787975311 0.656413197517395 0.647407352924347 0.667530477046967 0.678748548030853 0.683107793331146 -3.4e+38 -3.4e+38 -3.4e+38 -3.4e+38 -3.4e+38 -3.4e+38 -3.4e+38 -3.4e+38 -3.4e+38 -3.4e+38 -3.4e+38 -3.4e+38 -3.4e+38 -3.4e+38 -3.4e+38 -3.4e+38 -3.4e+38 -3.4e+38 -3.4e+38 -3.4e+38 -3.4e+38 -3.4e+38
0.397949665784836 0.393831551074982 0.268131941556931 0.365684628486633 0.438565224409103 0.446082949638367 0.496951788663864 0.492908030748367 0.488750904798508 0.483540743589401 0.495939165353775 0.534768223762512 0.548506021499634 0.559376299381256 0.542446494102478 0.603393018245697 0.617728054523468 0.608513951301575 0.620922803878784 0.638611316680908 0.657986462116241 0.664847493171692 0.659538328647614 0.663300335407257 0.678202450275421 0.688674211502075 0.685068190097809 -3.4e+38 -3.4e+38 -3.4e+38 -3.4e+38 -3.4e+38 -3.4e+38 -3.4e+38 -3.4e+38 -3.4e+38 -3.4e+38 -3.4e+38 -3.4e+38 -3.4e+38 -3.4e+38 -3.4e+38 -3.4e+38 -3.4e+38 -3.4e+38 -3.4e+38 -3.4e+38 -3.4e+38 -3.4e+38
0.371324867010117 0.399025797843933 0.281678438186646 0.331665217876434 0.477808982133865 0.481082111597061 0.501976072788239 0.498877435922623 0.480935305356979 0.485957741737366 0.503534436225891 0.546557724475861 0.559971213340759 0.585464298725128 0.559778928756714 0.606898248195648 0.617334246635437 0.627497792243958 0.625631630420685 0.644859194755554 0.653537094593048 0.666962623596191 0.669965505599976 0.673221051692963 0.688024580478668 0.684025764465332 -3.4e+38 -3.4e+38 -3.4e+38 -3.4e+38 -3.4e+38 -3.4e+38 -3.4e+38 -3.4e+38 -3.4e+38 -3.4e+38 -3.4e+38 -3.4e+38 -3.4e+38 -3.4e+38 -3.4e+38 -3.4e+38 -3.4e+38 -3.4e+38 -3.4e+38 -3.4e+38 -3.4e+38 -3.4e+38 -3.4e+38
0.382366597652435 0.428400337696075 0.33617702126503 0.415323823690414 0.387666434049606 0.502576470375061 0.501085758209229 0.492413371801376 0.497836589813232 0.536418974399567 0.589459180831909 0.583355069160461 0.595201313495636 0.604030668735504 0.591520011425018 0.579134702682495 0.592403292655945 0.627399504184723 0.625593245029449 0.634335041046143 0.664217829704285 0.671308517456055 0.670852422714233 0.681824028491974 0.688505947589874 0.692095935344696 -3.4e+38 -3.4e+38 -3.4e+38 -3.4e+38 -3.4e+38 -3.4e+38 -3.4e+38 -3.4e+38 -3.4e+38 -3.4e+38 -3.4e+38 -3.4e+38 -3.4e+38 -3.4e+38 -3.4e+38 -3.4e+38 -3.4e+38 -3.4e+38 -3.4e+38 -3.4e+38 -3.4e+38 -3.4e+38 -3.4e+38
0.408363580703735 0.394758254289627 0.3891341984272 0.442932039499283 0.46465477347374 0.511373341083527 0.493498235940933 0.518976271152496 0.542939424514771 0.584323465824127 0.600732088088989 0.590595841407776 0.584783136844635 0.609332621097565 0.620480954647064 0.628181755542755 0.605215489864349 0.602817714214325 0.624398946762085 0.629697382450104 0.666258990764618 0.666716158390045 0.680838584899902 0.695691704750061 0.684107303619385 -3.4e+38 -3.4e+38 -3.4e+38 -3.4e+38 -3.4e+38 -3.4e+38 -3.4e+38 -3.4e+38 -3.4e+38 -3.4e+38 -3.4e+38 -3.4e+38 -3.4e+38 -3.4e+38 -3.4e+38 -3.4e+38 -3.4e+38 -3.4e+38 -3.4e+38 -3.4e+38 -3.4e+38 -3.4e+38 -3.4e+38 -3.4e+38
0.405064761638641 0.454642444849014 0.465327382087708 0.406298607587814 0.450626611709595 0.495862156152725 0.492798566818237 0.525940477848053 0.549165427684784 0.595905065536499 0.590200185775757 0.603189587593079 0.591627955436707 0.603228092193604 0.624837517738342 0.637226819992065 0.631187677383423 0.638776957988739 0.663856267929077 0.662850677967072 0.648581087589264 0.667132973670959 0.682039082050323 0.681470572948456 0.679580509662628 -3.4e+38 -3.4e+38 -3.4e+38 -3.4e+38 -3.4e+38 -3.4e+38 -3.4e+38 -3.4e+38 -3.4e+38 -3.4e+38 -3.4e+38 -3.4e+38 -3.4e+38 -3.4e+38 -3.4e+38 -3.4e+38 -3.4e+38 -3.4e+38 -3.4e+38 -3.4e+38 -3.4e+38 -3.4e+38 -3.4e+38 -3.4e+38
0.470907986164093 0.423852354288101 0.389237135648727 0.485579490661621 0.491264015436172 0.477540135383606 0.507990419864655 0.545269191265106 0.552083671092987 0.577674090862274 0.583981156349182 0.601294100284576 0.612712621688843 0.605893611907959 0.623526811599731 0.640500128269196 0.640860557556152 0.648331105709076 0.665974736213684 0.674616813659668 0.674657046794891 0.676483154296875 0.674999177455902 0.676003992557526 0.677308320999146 -3.4e+38 -3.4e+38 -3.4e+38 -3.4e+38 -3.4e+38 -3.4e+38 -3.4e+38 -3.4e+38 -3.4e+38 -3.4e+38 -3.4e+38 -3.4e+38 -3.4e+38 -3.4e+38 -3.4e+38 -3.4e+38 -3.4e+38 -3.4e+38 -3.4e+38 -3.4e+38 -3.4e+38 -3.4e+38 -3.4e+38 -3.4e+38
0.489300727844238 0.49097815155983 0.4833984375 0.501568615436554 0.506572306156158 0.515379846096039 0.541749119758606 0.552927613258362 0.566515564918518 0.54906153678894 0.573741614818573 0.603777766227722 0.617801427841187 0.615469038486481 0.627237677574158 0.645370721817017 0.646761000156403 0.656441152095795 0.666837453842163 0.681987166404724 0.694530367851257 0.692419946193695 0.685475170612335 0.682884454727173 -3.4e+38 -3.4e+38 -3.4e+38 -3.4e+38 -3.4e+38 -3.4e+38 -3.4e+38 -3.4e+38 -3.4e+38 -3.4e+38 -3.4e+38 -3.4e+38 -3.4e+38 -3.4e+38 -3.4e+38 -3.4e+38 -3.4e+38 -3.4e+38 -3.4e+38 -3.4e+38 -3.4e+38 -3.4e+38 -3.4e+38 -3.4e+38 -3.4e+38
0.517251253128052 0.513570249080658 0.504468977451324 0.499684602022171 0.509666502475739 0.515591263771057 0.513497412204742 0.50649756193161 0.535849690437317 0.577411890029907 0.618033587932587 0.625779867172241 0.640245676040649 0.628429710865021 0.635543823242188 0.640786230564117 0.660849153995514 0.65415894985199 0.683828830718994 0.680646598339081 0.688762545585632 0.70025497674942 0.701753079891205 0.68672388792038 -3.4e+38 -3.4e+38 -3.4e+38 -3.4e+38 -3.4e+38 -3.4e+38 -3.4e+38 -3.4e+38 -3.4e+38 -3.4e+38 -3.4e+38 -3.4e+38 -3.4e+38 -3.4e+38 -3.4e+38 -3.4e+38 -3.4e+38 -3.4e+38 -3.4e+38 -3.4e+38 -3.4e+38 -3.4e+38 -3.4e+38 -3.4e+38 -3.4e+38
0.502745509147644 0.502167880535126 0.514763176441193 0.499116599559784 0.514788568019867 0.546969413757324 0.559246361255646 0.561461865901947 0.575110197067261 0.572599649429321 0.567274749279022 0.59173059463501 0.606983184814453 0.629306077957153 0.625609517097473 0.640335500240326 0.663362264633179 0.671705543994904 0.690161943435669 0.697131156921387 0.690042316913605 0.703770935535431 0.700120687484741 -3.4e+38 -3.4e+38 -3.4e+38 -3.4e+38 -3.4e+38 -3.4e+38 -3.4e+38 -3.4e+38 -3.4e+38 -3.4e+38 -3.4e+38 -3.4e+38 -3.4e+38 -3.4e+38 -3.4e+38 -3.4e+38 -3.4e+38 -3.4e+38 -3.4e+38 -3.4e+38 -3.4e+38 -3.4e+38 -3.4e+38 -3.4e+38 -3.4e+38 -3.4e+38
0.518292248249054 0.514573514461517 0.565498650074005 0.530706465244293 0.508441150188446 0.560397803783417 0.568702757358551 0.576799154281616 0.582025527954102 0.628515422344208 0.641166567802429 0.634111285209656 0.65118944644928 0.659214973449707 0.660703539848328 0.662006497383118 0.666980981826782 0.686121046543121 0.689429461956024 0.694285213947296 0.704641878604889 0.700627028942108 0.698233127593994 -3.4e+38 -3.4e+38 -3.4e+38 -3.4e+38 -3.4e+38 -3.4e+38 -3.4e+38 -3.4e+38 -3.4e+38 -3.4e+38 -3.4e+38 -3.4e+38 -3.4e+38 -3.4e+38 -3.4e+38 -3.4e+38 -3.4e+38 -3.4e+38 -3.4e+38 -3.4e+38 -3.4e+38 -3.4e+38 -3.4e+38 -3.4e+38 -3.4e+38 -3.4e+38
0.531468391418457 0.570790529251099 0.562083542346954 0.555663049221039 0.580990672111511 0.588549494743347 0.604950428009033 0.605724155902863 0.620287775993347 0.647378861904144 0.639554142951965 0.647317588329315 0.649946391582489 0.660589993000031 0.66225802898407 0.685402750968933 0.682426691055298 0.688087344169617 0.697671413421631 0.70440274477005 0.711088359355927 0.708579540252686 -3.4e+38 -3.4e+38 -3.4e+38 -3.4e+38 -3.4e+38 -3.4e+38 -3.4e+38 -3.4e+38 -3.4e+38 -3.4e+38 -3.4e+38 -3.4e+38 -3.4e+38 -3.4e+38 -3.4e+38 -3.4e+38 -3.4e+38 -3.4e+38 -3.4e+38 -3.4e+38 -3.4e+38 -3.4e+38 -3.4e+38 -3.4e+38 -3.4e+38 -3.4e+38 -3.4e+38
0.550045490264893 0.552676975727081 0.549093306064606 0.572291076183319 0.575168430805206 0.598957121372223 0.610952794551849 0.609488904476166 0.635804295539856 0.644858181476593 0.664163112640381 0.644192457199097 0.653049349784851 0.669867396354675 0.661515772342682 0.692548274993896 0.702315032482147 0.684056043624878 0.688916146755219 0.698242902755737 0.70523589849472 0.708082795143127 -3.4e+38 -3.4e+38 -3.4e+38 -3.4e+38 -3.4e+38 -3.4e+38 -3.4e+38 -3.4e+38 -3.4e+38 -3.4e+38 -3.4e+38 -3.4e+38 -3.4e+38 -3.4e+38 -3.4e+38 -3.4e+38 -3.4e+38 -3.4e+38 -3.4e+38 -3.4e+38 -3.4e+38 -3.4e+38 -3.4e+38 -3.4e+38 -3.4e+38 -3.4e+38 -3.4e+38
0.560917615890503 0.559009850025177 0.554682850837708 0.580002725124359 0.598357498645782 0.628248155117035 0.610790312290192 0.600360453128815 0.663483858108521 0.668116390705109 0.655715465545654 0.643984198570251 0.667682528495789 0.670976519584656 0.67139732837677 0.714234113693237 0.709776699542999 0.699623107910156 0.708640873432159 0.71124267578125 0.710666954517365 -3.4e+38 -3.4e+38 -3.4e+38 -3.4e+38 -3.4e+38 -3.4e+38 -3.4e+38 -3.4e+38 -3.4e+38 -3.4e+38 -3.4e+38 -3.4e+38 -3.4e+38 -3.4e+38 -3.4e+38 -3.4e+38 -3.4e+38 -3.4e+38 -3.4e+38 -3.4e+38 -3.4e+38 -3.4e+38 -3.4e+38 -3.4e+38 -3.4e+38 -3.4e+38 -3.4e+38 -3.4e+38
