output/projections/enclaves_ssf.asc
NCOLS 156 
NROWS 159 
XLLCORNER -42.625139439 
YLLCORNER -16.0001391852925 
CELLSIZE 0.0416666665 
NODATA_value -3.4e+38 
[rows 0 to 21 of 159, columns 0 to 48 of 156]
0.000906198460143 0.000589648261666298 0.00180966651532799 0.00169574015308172 0.00272971228696406 0.0051537873223424 0.00515379384160042 0.00432852935045958 0.00302572338841856 0.0049507892690599 0.00334337865933776 0.00889787450432777 0.00887348689138889 0.00527117308229208 0.00447595724835992 0.0049477000720799 0.00401445990428329 0.00753747764974833 0.00557827856391668 0.00204574759118259 0.00214035855606198 0.00227085780352354 0.00871196482330561 0.00272591854445636 0.00561390444636345 0.00646379683166742 0.00617469707503915 0.0022550723515451 0.00232817395590246 0.0016657441155985 0.00212106318213046 0.00198930152691901 0.00177706847898662 0.00171508837956935 0.00185017962940037 0.0019568121060729 0.00164192402735353 0.00164027244318277 0.00167853210587054 0.00122837303206325 0.0013248915784061 0.00139740074519068 0.00147085776552558 0.00182240910362452 0.00168597872834653 0.00182895932812244 0.00223734998144209 0.00249850656837225 0.00200371723622084
0.00423352187499404 0.000618626654613763 0.00119236449245363 0.00591176096349955 0.00690819835290313 0.00650309026241302 0.00418765470385551 0.0052827768959105 0.00378294684924185 0.0039370902813971 0.00397320045158267 0.00385478348471224 0.00433377036824822 0.00569187244400382 0.00408205715939403 0.00393662555143237 0.00392558192834258 0.00517664989456534 0.00528975995257497 0.00221950723789632 0.00201265956275165 0.00273468624800444 0.00711292447522283 0.00227971537970006 0.00245520705357194 0.00527231534942985 0.00276767113246024 0.00305828847922385 0.00230913958512247 0.00208491762168705 0.0032078274525702 0.00236145476810634 0.00217388570308685 0.00209308718331158 0.00172976835165173 0.00146336946636438 0.00150041829328984 0.00161396129988134 0.00154809269588441 0.00164357235189527 0.0018701198277995 0.00148798746522516 0.00187389447819442 0.00152651406824589 0.00170348503161222 0.0017177463741973 0.00171074992977083 0.00203129998408258 0.00226544192992151
0.00371489161625504 0.00242843059822917 0.00238740304484963 0.00608803890645504 0.00796869583427906 0.00562019692733884 0.00455217342823744 0.00501468079164624 0.00510142929852009 0.00672022998332977 0.0046361954882741 0.00236904947087169 0.00340282102115452 0.00677346577867866 0.00398195162415504 0.00332491472363472 0.001934390864335 0.00245163310319185 0.0120342606678605 0.00239270552992821 0.00199131900444627 0.00455034058541059 0.00515581062063575 0.00216109910979867 0.00206354749388993 0.00243788259103894 0.00316590303555131 0.00310746743343771 0.003291493980214 0.00254523218609393 0.00558934779837728 0.00277367769740522 0.00245622079819441 0.00199071015231311 0.00160765345208347 0.00123925658408552 0.00169453478883952 0.00163627485744655 0.00135054718703032 0.00165846117306501 0.00168197497259825 0.00202618236653507 0.00217307428829372 0.00159144820645452 0.00151202629785985 0.00175937579479069 0.0016602398827672 0.00155942421406507 0.00155731884296983
0.00524933636188507 0.0033606372307986 0.00407778099179268 0.00392753817141056 0.00605379650369287 0.00560852978378534 0.00429897848516703 0.00354708544909954 0.00466409744694829 0.00759914144873619 0.00681357318535447 0.00475483061745763 0.00392003962770104 0.00391388684511185 0.00385496625676751 0.00154630129691213 0.00547736650332808 0.00795401725918055 0.0116175170987844 0.00522699579596519 0.00206207926385105 0.0023765922524035 0.00225754245184362 0.00199074950069189 0.00491384649649262 0.00197192467749119 0.00254752044565976 0.00240893266163766 0.002055071759969 0.00254212878644466 0.00274805631488562 0.0025681050028652 0.00211609248071909 0.00153865839820355 0.00117545248940587 0.00111012021079659 0.00305881630629301 0.00191168882884085 0.00151445041410625 0.00305677182041109 0.0017889371374622 0.00265759346075356 0.00188944023102522 0.00175552151631564 0.00159664626698941 0.00172210927121341 0.00163517415057868 0.00153108674567193 0.00146172323729843
0.00670025544241071 0.00430439971387386 0.0035703512839973 0.00288547552190721 0.00493309739977121 0.00497185159474611 0.00386214605532587 0.00318538653664291 0.0035017472691834 0.00591296469792724 0.00443245843052864 0.00743046216666698 0.00496811093762517 0.0026189077179879 0.00219092820771039 0.00149684108328074 0.00534995784983039 0.00663393223658204 0.0219814013689756 0.00676875514909625 0.00380481476895511 0.00211197976022959 0.00217151013202965 0.00229637208394706 0.00255692400969565 0.0020506305154413 0.00221988279372454 0.00199062866158783 0.00176834897138178 0.00188112934119999 0.00236683338880539 0.00194856035523117 0.00203749351203442 0.00144653813913465 0.00101887574419379 0.00210847402922809 0.00220622168853879 0.00137002451810986 0.0020354650914669 0.00282958848401904 0.00213388702832162 0.00479259807616472 0.00181252812035382 0.00155090843327343 0.00153582543134689 0.00165144086349756 0.00197987910360098 0.00141444837208837 0.00151003745850176
0.00768125150352716 0.00551324384287 0.00353645998984575 0.00275674555450678 0.00372784771025181 0.00340345501899719 0.00448697898536921 0.00418376736342907 0.00240463833324611 0.00248457794077694 0.00254774605855346 0.00362068717367947 0.00721912691369653 0.00315332994796336 0.00231943395920098 0.00172320788260549 0.00938493385910988 0.00489377789199352 0.0124652497470379 0.00573418661952019 0.00362494145520031 0.0019308147020638 0.00182892975863069 0.00222083460539579 0.00217407289892435 0.00209975615143776 0.0020205695182085 0.00179130944889039 0.00187783222645521 0.00207766890525818 0.00234651030041277 0.00173699425067753 0.00189119414426386 0.00138091295957565 0.00106684863567352 0.00171379849780351 0.00165106961503625 0.00193244451656938 0.00163818511646241 0.00345052313059568 0.00529042491689324 0.00293785752728581 0.00161876459605992 0.00142454099841416 0.00151455169543624 0.00168181932531297 0.00204379577189684 0.00131586776115 0.00156098231673241
0.00577604956924915 0.00413103029131889 0.00552054261788726 0.00347985117696226 0.00182787666562945 0.00260933418758214 0.00296133384108543 0.00460202665999532 0.00619731098413467 0.0028663317207247 0.00247888104058802 0.00385216204449534 0.00368644041009247 0.00302952365018427 0.00289526116102934 0.00446095271036029 0.00400794949382544 0.00429992470890284 0.00399356987327337 0.00201090495102108 0.00408190954476595 0.00189288728870451 0.00153764348942786 0.00577505491673946 0.00195742608048022 0.00195330451242626 0.00197344226762652 0.00180779700167477 0.0017538407118991 0.00177388708107173 0.00188498292118311 0.0017385525861755 0.00157840724568814 0.00135206093546003 0.0011350967688486 0.00104634580202401 0.00211049802601337 0.00299810501746833 0.00497367698699236 0.00303208106197417 0.00597153324633837 0.00197813124395907 0.00145516532938927 0.00154649652540684 0.00138853851240128 0.00217329664155841 0.00180972996167839 0.00143787160050124 0.001399195054546
0.00420550396665931 0.00625895988196135 0.00562453689053655 0.00404326617717743 0.00355755793862045 0.0028453974518925 0.00262283417396247 0.00321845058351755 0.00257304916158319 0.00280522857792675 0.00381151749752462 0.00371110788546503 0.0032736761495471 0.00300800381228328 0.00274835526943207 0.00263831089250743 0.00412096036598086 0.00387479807250202 0.00382430711761117 0.00355350901372731 0.00203305552713573 0.00207774783484638 0.00182776967994869 0.00468968413770199 0.00202311528846622 0.00186619535088539 0.00191106915008277 0.00185071467421949 0.00175424944609404 0.00169718835968524 0.00160845904611051 0.0015542806359008 0.00159064191393554 0.00140449963510036 0.00131932669319212 0.00119288952555507 0.00196632253937423 0.00146971526555717 0.00324919866397977 0.0027435626834631 0.00236240122467279 0.00155961501877755 0.00128160952590406 0.00144557328894734 0.00147927086800337 0.00166368123609573 0.00179230910725892 0.00162987690418959 0.00145163026172668
0.00395765108987689 0.00763562135398388 0.00605234876275063 0.0047864206135273 0.0041338405571878 0.00363448727875948 0.002732555847615 0.00185549282468855 0.00244180532172322 0.00333330989815295 0.00293877185322344 0.0029670181684196 0.0026650947984308 0.00274697365239263 0.00342398253269494 0.00537553196772933 0.00376646290533245 0.00386805599555373 0.00475579733029008 0.00361208617687225 0.00372801884077489 0.00228994176723063 0.00212731724604964 0.00209184712730348 0.00192792702000588 0.00196446920745075 0.00188798597082496 0.00177257915493101 0.00172578706406057 0.00150878366548568 0.00139331712853163 0.00162902171723545 0.00169112416915596 0.00144206371624023 0.00145595241338015 0.00134816754143685 0.00120614259503782 0.00134284188970923 0.00306120491586626 0.00267292419448495 0.0015178412431851 0.0014173046220094 0.0010761107550934 0.00121572031639516 0.00127145275473595 0.00182371330447495 0.00233140867203474 0.00243886699900031 0.00169062451459467
0.00553751271218061 0.00569827109575272 0.00470136292278767 0.00534629449248314 0.00422858633100986 0.00300934188999236 0.00284804357215762 0.00420171162113547 0.00594403594732285 0.0029096957296133 0.00295443064533174 0.0025826517958194 0.00231053633615375 0.00394432619214058 0.00368440733291209 0.00338124483823776 0.00196627620607615 0.00809311494231224 0.0102941831573844 0.00454870006069541 0.00398771092295647 0.00235915486700833 0.00222670496441424 0.00198603654280305 0.00185003515798599 0.00207217200659215 0.00190084171481431 0.00164055149070919 0.00144449598155916 0.00127580238040537 0.0013975891051814 0.00155548029579222 0.00165491038933396 0.00149904808495194 0.00225076405331492 0.00138762837741524 0.00133373390417546 0.00143852748442441 0.00245422660373151 0.00255645858123899 0.00137881375849247 0.00121986528392881 0.0010167732834816 0.00104922114405781 0.00115961185656488 0.00502111576497555 0.00850150547921658 0.00630640797317028 0.00145489920396358
0.00512961437925696 0.00437322445213795 0.00342365424148738 0.0034054359421134 0.00417213141918182 0.00387727795168757 0.00468164077028632 0.00936853606253862 0.00605818629264832 0.00278264214284718 0.00254187057726085 0.00219812826253474 0.00198958069086075 0.00359748653136194 0.00589466607198119 0.00415900535881519 0.0040570329874754 0.00659361761063337 0.0136426445096731 0.00611542211845517 0.0045133582316339 0.00230242288671434 0.00219169748015702 0.00181076931767166 0.00216427468694746 0.00201218109577894 0.00164176744874567 0.00137392512988299 0.00123526563402265 0.00148238439578563 0.00954088754951954 0.00437084166333079 0.00270621618255973 0.002524379407987 0.00216706329956651 0.00196686154231429 0.00102986115962267 0.00192643294576555 0.00702001713216305 0.00151649850886315 0.00107456499245018 0.00107301876414567 0.000985806807875633 0.00128943682648242 0.00240639946423471 0.00899570528417826 0.0110008241608739 0.0022207940928638 0.00144173845183104
0.00364238047040999 0.00408582389354706 0.0031678550876677 0.00348567753098905 0.00327421142719686 0.0046914042904973 0.00717045599594712 0.00677087064832449 0.002944320673123 0.00257569318637252 0.00228745839558542 0.00195732549764216 0.00165554077830166 0.00430159503594041 0.0195712875574827 0.00461747869849205 0.00231115752831101 0.00879438500851393 0.0189266875386238 0.00666169309988618 0.00240191188640893 0.00216009630821645 0.00198526191525161 0.00192426971625537 0.00281301699578762 0.00180403329432011 0.00138383533339947 0.00139983254484832 0.00230369647033513 0.0142069077119231 0.0106276860460639 0.00797773990780115 0.0015932354144752 0.00198291754350066 0.0012106925714761 0.00150303437840194 0.00133564369753003 0.00274335802532732 0.00143969908822328 0.00109648529905826 0.00142754579428583 0.00098955980502069 0.00130607897881418 0.00454717734828591 0.00785609148442745 0.00380291417241096 0.00889008585363626 0.00219360692426562 0.00179167499300092
0.00319795706309378 0.00369489169679582 0.00303428922779858 0.00406437739729881 0.00541847664862871 0.00424913456663489 0.00499893818050623 0.00600047409534454 0.00267975777387619 0.00244762049987912 0.00221301917918026 0.00182346999645233 0.00163894740398973 0.00811755564063787 0.0103508327156305 0.00234174937941134 0.00853596162050962 0.0123138083145022 0.00431666988879442 0.00195405585691333 0.00222701393067837 0.00208938238210976 0.00231259083375335 0.00663380464538932 0.00708088837563992 0.00319790188223124 0.00161469727754593 0.00237935152836144 0.00527290999889374 0.0188973471522331 0.00529981590807438 0.00239620683714747 0.00130189978517592 0.00282567017711699 0.00126821675803512 0.00148518348578364 0.00247929082252085 0.00296190567314625 0.00193291995674372 0.00427233893424273 0.00427095592021942 0.00247912551276386 0.00389727531000972 0.00773483887314796 0.00333000090904534 0.00244626961648464 0.00265799695625901 0.00133578095119447 0.00136338151060045
0.00190074369311333 0.00389176304452121 0.00443428987637162 0.00463679945096374 0.00526721077039838 0.00518373539671302 0.00567905977368355 0.00286481529474258 0.00257452670484781 0.00238463236019015 0.00335101177915931 0.0018513360992074 0.00187587330583483 0.00558625208213925 0.0042486428283155 0.00483132852241397 0.0207428634166718 0.00579285621643066 0.00220004003494978 0.00176705908961594 0.00757829006761312 0.00749415718019009 0.0218827240169048 0.0296143777668476 0.0259062871336937 0.017270727083087 0.00305171846412122 0.00222457177005708 0.00260633951984346 0.00566627364605665 0.00721803028136492 0.00160574878100306 0.00213997927494347 0.00607376825064421 0.00236587668769062 0.00307447300292552 0.00642837304621935 0.00536238495260477 0.00504442909732461 0.00436445092782378 0.00257492973469198 0.00213784561492503 0.00237496453337371 0.00215210043825209 0.00192213279660791 0.00178531836718321 0.00151767604984343 0.00130491133313626 0.00151702528819442
0.00220407103188336 0.00347934290766716 0.00271255546249449 0.00437104236334562 0.00393168721348047 0.00573539407923818 0.00823847111314535 0.00446794228628278 0.00237333425320685 0.00342833157628775 0.00206201337277889 0.00190674560144544 0.00179313903208822 0.00274531589820981 0.00754144880920649 0.00912228971719742 0.0268743336200714 0.00729611655697227 0.00259544490836561 0.00929501093924046 0.0165320262312889 0.0382415652275085 0.0415011420845985 0.0274123381823301 0.0110964942723513 0.00620050542056561 0.00212238193489611 0.00161813548766077 0.00169368647038937 0.00444141263142228 0.00180848105810583 0.00593843823298812 0.00346624013036489 0.0045506632886827 0.00425647106021643 0.00361100793816149 0.00367906619794667 0.00263471063226461 0.00200543575920165 0.00174060091376305 0.00185883766971529 0.00487612187862396 0.00966144260019064 0.00366407353430986 0.0025008802767843 0.00237128371372819 0.0013627806911245 0.0015152741689235 0.00185495777986944
0.00336385448463261 0.00358086614869535 0.00311620300635695 0.00284584402106702 0.0047897663898766 0.00502470880746841 0.0049900277517736 0.00236280681565404 0.00307099847123027 0.00175113056320697 0.00261230464093387 0.00749888923019171 0.00603689206764102 0.00809142086654902 0.00871609710156918 0.00818772893399 0.009661047719419 0.00847885943949223 0.018039271235466 0.0423615388572216 0.0288849994540215 0.0397415868937969 0.0178736969828606 0.0112822996452451 0.00556267891079187 0.00252535287290812 0.00226835859939456 0.00185778096783906 0.00155929895117879 0.0021672728471458 0.00118015799671412 0.00201973877847195 0.00161141983699054 0.00184559146873653 0.00250968197360635 0.00265627331100404 0.00249758642166853 0.00189993507228792 0.00316965417005122 0.00299580907449126 0.00705714337527752 0.00478093419224024 0.00310374842956662 0.00239166035316885 0.00225120037794113 0.0020718639716506 0.00142370816320181 0.00176804384682328 0.00186812819447368
0.00285487622022629 0.00278230616822839 0.00496804108843207 0.00606646155938506 0.00571417668834329 0.00257099280133843 0.00231243087910116 0.00347679015249014 0.00407993467524648 0.00208708574064076 0.0147795919328928 0.0180612653493881 0.00629813130944967 0.00515379477292299 0.0028584604151547 0.0068933954462409 0.0154690286144614 0.0332534983754158 0.0387923456728458 0.0229808315634727 0.0239344611763954 0.0189360044896603 0.0121964002028108 0.00576297100633383 0.00251341168768704 0.00268264836631715 0.00238039996474981 0.00143867079168558 0.00117077713366598 0.00115812465082854 0.00111706869211048 0.00116315053310245 0.00137121672742069 0.00149821350350976 0.00435724388808012 0.00382551271468401 0.00791691709309816 0.00555386021733284 0.00323988660238683 0.00641816761344671 0.00439376151189208 0.00318830064497888 0.00307334028184414 0.00237592123448849 0.00210948195308447 0.00177425425499678 0.00163595855701715 0.00180945906322449 0.00199759285897017
0.0031194796320051 0.00296645029447973 0.00279196933843195 0.00542937498539686 0.00252566928975284 0.00328017654828727 0.00199665920808911 0.00709185563027859 0.0243378020823002 0.0139869097620249 0.00577895063906908 0.00520104495808482 0.00435607694089413 0.00451610097661614 0.00437087472528219 0.00534586561843753 0.00971875060349703 0.0299414545297623 0.0239098463207483 0.0211322866380215 0.0146929332986474 0.0108808921650052 0.00590294739231467 0.00261641293764114 0.00270703691057861 0.00197238544933498 0.00172078981995583 0.001262575853616 0.00110417860560119 0.00125819840468466 0.00120751128997654 0.00199028477072716 0.00180954358074814 0.00544537650421262 0.00374277075752616 0.0060050617903471 0.0136778317391872 0.00461243046447635 0.00354677625000477 0.00531279761344194 0.0039441823028028 0.00426952820271254 0.00304471235722303 0.00162736873608083 0.00185864814557135 0.00169839116279036 0.00149544875603169 0.00177061138674617 0.00199040421284735
0.00344698736444116 0.00328970816917717 0.00312065193429589 0.00289289932698011 0.00373196834698319 0.003744603600353 0.00418815761804581 0.0174247249960899 0.0163859594613314 0.00774033833295107 0.00532972393557429 0.00546219758689404 0.00536526925861835 0.00519663188606501 0.00555191142484546 0.00565527891740203 0.00639760633930564 0.00823371205478907 0.0101236086338758 0.0136795928701758 0.0123486565425992 0.0064648506231606 0.00361891277134418 0.00255251629278064 0.00175253627821803 0.00147201190702617 0.00129385094624013 0.00129016663413495 0.00171237241011113 0.00373730715364218 0.00148944184184074 0.00308233709074557 0.00638818461447954 0.00595058035105467 0.00611497648060322 0.007005225867033 0.0152330510318279 0.0071054995059967 0.00366437365300953 0.00349451857618988 0.0027702224906534 0.00332773942500353 0.00243694544769824 0.00171648291870952 0.00187703117262572 0.00161805097013712 0.00190559378825128 0.00204611988738179 0.00264027109369636
0.00592613033950329 0.00563544733449817 0.00330216297879815 0.00336315901950002 0.00477461982518435 0.00443432619795203 0.00528025906533003 0.0139200165867805 0.00827844068408012 0.00586283206939697 0.00588099984452128 0.00575004843994975 0.00615763431414962 0.00646059913560748 0.00658198958262801 0.00608882866799831 0.00579499313607812 0.00603859266266227 0.00784426555037498 0.00906298868358135 0.00867627561092377 0.00511977169662714 0.0019677858799696 0.00170995050575584 0.00155210343655199 0.00129566853865981 0.00179716874845326 0.00319939479231834 0.0180307235568762 0.0227071139961481 0.00324223609641194 0.00861136522144079 0.00367856048978865 0.00259460974484682 0.00445688609033823 0.0166715607047081 0.0152942072600126 0.0073519591242075 0.0025576357729733 0.00181522208731622 0.00251285079866648 0.00239509111270308 0.00172993016894907 0.00215638754889369 0.0021113958209753 0.0018485727487132 0.00221338588744402 0.00244453526102006 0.00315213552676141
0.00426406553015113 0.00562206469476223 0.0055767809972167 0.00551292253658175 0.00592467095702887 0.00550563586875796 0.00573895731940866 0.00588147388771176 0.00743255065754056 0.00623567495495081 0.0062031876295805 0.0061536873690784 0.00620711408555508 0.00683205435052514 0.00832861009985209 0.00910768285393715 0.00796140730381012 0.00531940348446369 0.00574912549927831 0.00815685745328665 0.00502921687439084 0.00367811019532382 0.00192732445430011 0.00157472037244588 0.00146694283466786 0.00200989982113242 0.00457329768687487 0.0265688076615334 0.0286814589053392 0.0104461666196585 0.0026070645544678 0.00220791716128588 0.00188011769205332 0.00253395200707018 0.00315763661637902 0.00772509817034006 0.0088485749438405 0.00723488349467516 0.0026254104450345 0.0030544251203537 0.00501188868656754 0.00261803949251771 0.00211534928530455 0.00236145337112248 0.0021033410448581 0.00213800929486752 0.00264621386304498 0.00299062416888773 0.00356061547063291
0.0042986124753952 0.00684363069012761 0.00730323232710361 0.00599968805909157 0.00685363076627254 0.00644958904013038 0.00695198588073254 0.00685892580077052 0.00594832003116608 0.0061474940739572 0.00658303732052445 0.00662324018776417 0.00698011042550206 0.00805625692009926 0.00894290953874588 0.00668574729934335 0.00641193427145481 0.00576624181121588 0.00582741713151336 0.00544336251914501 0.00491820555180311 0.00362174678593874 0.00167132751084864 0.00149069586768746 0.00208529271185398 0.0036785879638046 0.00704901665449142 0.0298726409673691 0.0132883014157414 0.00481069786474109 0.00217441259883344 0.00215037190355361 0.00228059920482337 0.00302623165771365 0.00904436502605677 0.00907753128558397 0.0072716367430985 0.00567784439772367 0.00286768190562725 0.00492093432694674 0.0040681604295969 0.00249463226646185 0.00231620646081865 0.00223772320896387 0.00210771756246686 0.00231839320622385 0.00302248657681048 0.00358077953569591 0.0176994055509567
