output/projections/enclaves_nsf.asc
NCOLS 203 
NROWS 192 
XLLCORNER -41.875139442 
YLLCORNER -10.4584725408311 
CELLSIZE 0.0416666665 
NODATA_value -3.4e+38 
[rows 140 to 159 of 192, columns 135 to 179 of 203]
0.131037801504135 0.220490142703056 0.187272280454636 0.115524582564831 0.0798501297831535 0.177861586213112 0.188795536756516 0.132865458726883 0.247155979275703 0.19145393371582 0.323495447635651 0.508096992969513 0.493592709302902 0.503356575965881 0.555983364582062 0.647273540496826 0.647316992282867 0.649898052215576 0.680467486381531 0.699967741966248 0.698560535907745 0.664748191833496 0.678367912769318 0.648189187049866 0.632962822914124 0.648080229759216 0.689998984336853 0.706731021404266 0.726471841335297 0.72335010766983 0.741423964500427 0.731273472309113 -3.4e+38 -3.4e+38 -3.4e+38 -3.4e+38 -3.4e+38 -3.4e+38 -3.4e+38 -3.4e+38 -3.4e+38 -3.4e+38 -3.4e+38 -3.4e+38 -3.4e+38
0.258427977561951 0.244185850024223 0.0769945904612541 0.0775084868073463 0.243397384881973 0.416397362947464 0.338763356208801 0.40320959687233 0.306924194097519 0.486941397190094 0.444518476724625 0.517055571079254 0.552751481533051 0.570527851581573 0.603110432624817 0.657922565937042 0.657423138618469 0.674577295780182 0.670352101325989 0.670392870903015 0.6690833568573 0.627358198165894 0.628018975257874 0.624324679374695 0.643586039543152 0.684000074863434 0.696696996688843 0.730115294456482 0.747655808925629 0.731077134609222 0.729250490665436 0.737216234207153 -3.4e+38 -3.4e+38 -3.4e+38 -3.4e+38 -3.4e+38 -3.4e+38 -3.4e+38 -3.4e+38 -3.4e+38 -3.4e+38 -3.4e+38 -3.4e+38 -3.4e+38
0.281376242637634 0.226793646812439 0.148915529251099 0.311592102050781 0.425494074821472 0.471073061227798 0.34679302573204 0.303030163049698 0.347253650426865 0.489669322967529 0.330598294734955 0.419347554445267 0.573605895042419 0.617370367050171 0.637155115604401 0.643884360790253 0.675717949867249 0.681583821773529 0.66401606798172 0.660472214221954 0.596225380897522 0.624192297458649 0.612746059894562 0.616158962249756 0.656152844429016 0.69736111164093 0.708252251148224 0.70765745639801 0.726946949958801 0.719874620437622 0.718712449073792 0.712717592716217 -3.4e+38 -3.4e+38 -3.4e+38 -3.4e+38 -3.4e+38 -3.4e+38 -3.4e+38 -3.4e+38 -3.4e+38 -3.4e+38 -3.4e+38 -3.4e+38 -3.4e+38
0.288154125213623 0.226199015974998 0.334050416946411 0.378182590007782 0.36513951420784 0.342185705900192 0.319817572832108 0.356565475463867 0.301060914993286 0.235817208886147 0.330991476774216 0.590785980224609 0.53352826833725 0.592194736003876 0.633268296718597 0.654124975204468 0.669106245040894 0.677095651626587 0.67140656709671 0.67615818977356 0.607745110988617 0.614343464374542 0.645007133483887 0.672151148319244 0.695617973804474 0.705571711063385 0.711862683296204 0.72452974319458 0.718354284763336 0.711117088794708 0.721716284751892 -3.4e+38 -3.4e+38 -3.4e+38 -3.4e+38 -3.4e+38 -3.4e+38 -3.4e+38 -3.4e+38 -3.4e+38 -3.4e+38 -3.4e+38 -3.4e+38 -3.4e+38 -3.4e+38
0.272552400827408 0.308466017246246 0.366956532001495 0.338132083415985 0.232955396175385 0.259565621614456 0.311163991689682 0.332579523324966 0.305780529975891 0.370468646287918 0.536930918693542 0.456100314855576 0.466429889202118 0.655829966068268 0.682218074798584 0.683460712432861 0.675846695899963 0.67852383852005 0.678698420524597 0.665668368339539 0.621091902256012 0.628538131713867 0.671896278858185 0.699408769607544 0.718465387821198 0.709834814071655 0.726719975471497 0.723471939563751 0.720815420150757 0.727710664272308 0.716038584709167 -3.4e+38 -3.4e+38 -3.4e+38 -3.4e+38 -3.4e+38 -3.4e+38 -3.4e+38 -3.4e+38 -3.4e+38 -3.4e+38 -3.4e+38 -3.4e+38 -3.4e+38 -3.4e+38
0.261823713779449 0.273326843976974 0.270673125982285 0.215337693691254 0.23602007329464 0.284104436635971 0.249424442648888 0.354629367589951 0.402464032173157 0.40284988284111 0.426021128892899 0.479094862937927 0.637669682502747 0.678449630737305 0.670953691005707 0.660811722278595 0.670837104320526 0.655227184295654 0.654890179634094 0.661315321922302 0.62973415851593 0.650863349437714 0.690246641635895 0.717443108558655 0.721474587917328 0.700474917888641 0.699227452278137 0.710995435714722 0.732280135154724 0.728759169578552 -3.4e+38 -3.4e+38 -3.4e+38 -3.4e+38 -3.4e+38 -3.4e+38 -3.4e+38 -3.4e+38 -3.4e+38 -3.4e+38 -3.4e+38 -3.4e+38 -3.4e+38 -3.4e+38 -3.4e+38
0.307871252298355 0.346909701824188 0.418027460575104 0.283107936382294 0.218586027622223 0.309403330087662 0.512390911579132 0.498664796352386 0.551065981388092 0.560685575008392 0.559925496578217 0.625019729137421 0.644114911556244 0.620302319526672 0.594584763050079 0.638373076915741 0.629026412963867 0.678374111652374 0.636053740978241 0.640980660915375 0.64581435918808 0.673873901367188 0.698115468025208 0.704296052455902 0.703040480613708 0.682091534137726 0.703738749027252 0.712606012821198 0.72020959854126 0.707394361495972 -3.4e+38 -3.4e+38 -3.4e+38 -3.4e+38 -3.4e+38 -3.4e+38 -3.4e+38 -3.4e+38 -3.4e+38 -3.4e+38 -3.4e+38 -3.4e+38 -3.4e+38 -3.4e+38 -3.4e+38
0.435105413198471 0.441599726676941 0.281228095293045 0.215889826416969 0.405696004629135 0.546542704105377 0.487889289855957 0.386721044778824 0.550094544887543 0.555064499378204 0.587503254413605 0.593443393707275 0.589008867740631 0.596842527389526 0.587443888187408 0.601187288761139 0.590689361095428 0.628255248069763 0.626205563545227 0.635523736476898 0.656938910484314 0.645722568035126 0.68544328212738 0.684521913528442 0.663750410079956 0.675622045993805 0.697923302650452 0.711856424808502 0.720315396785736 0.698878884315491 -3.4e+38 -3.4e+38 -3.4e+38 -3.4e+38 -3.4e+38 -3.4e+38 -3.4e+38 -3.4e+38 -3.4e+38 -3.4e+38 -3.4e+38 -3.4e+38 -3.4e+38 -3.4e+38 -3.4e+38
0.405080646276474 0.279936254024506 0.161359697580338 0.36519467830658 0.513794183731079 0.352737337350845 0.454651534557343 0.407430857419968 0.551415860652924 0.593583524227142 0.560306787490845 0.587484896183014 0.600208222866058 0.610015094280243 0.587491452693939 0.579686045646667 0.614795029163361 0.630111217498779 0.63802695274353 0.654827058315277 0.668992817401886 0.668871402740479 0.655713796615601 0.650864720344543 0.683209955692291 0.707732319831848 0.735911667346954 0.711173295974731 0.707594156265259 -3.4e+38 -3.4e+38 -3.4e+38 -3.4e+38 -3.4e+38 -3.4e+38 -3.4e+38 -3.4e+38 -3.4e+38 -3.4e+38 -3.4e+38 -3.4e+38 -3.4e+38 -3.4e+38 -3.4e+38 -3.4e+38
0.341233432292938 0.268837958574295 0.281558483839035 0.54460084438324 0.453124701976776 0.515760600566864 0.617441236972809 0.471411645412445 0.60462749004364 0.64300537109375 0.606667518615723 0.560228288173676 0.55477100610733 0.56152731180191 0.565158247947693 0.570259690284729 0.606789767742157 0.613390803337097 0.632933855056763 0.651377022266388 0.681938648223877 0.691627502441406 0.667457044124603 0.693435847759247 0.696663975715637 0.734388828277588 0.731755614280701 0.70232629776001 0.698643147945404 -3.4e+38 -3.4e+38 -3.4e+38 -3.4e+38 -3.4e+38 -3.4e+38 -3.4e+38 -3.4e+38 -3.4e+38 -3.4e+38 -3.4e+38 -3.4e+38 -3.4e+38 -3.4e+38 -3.4e+38 -3.4e+38
0.348956674337387 0.419079720973969 0.450287252664566 0.639256358146667 0.627841293811798 0.627711057662964 0.61910218000412 0.626094937324524 0.648186028003693 0.661432087421417 0.564135253429413 0.578644394874573 0.568147778511047 0.578486323356628 0.611815214157104 0.629642128944397 0.632588505744934 0.627729713916779 0.634447395801544 0.644775629043579 0.689551293849945 0.679828405380249 0.687290370464325 0.707260608673096 0.723708093166351 0.735543191432953 0.724795639514923 0.71964430809021 0.694524466991425 -3.4e+38 -3.4e+38 -3.4e+38 -3.4e+38 -3.4e+38 -3.4e+38 -3.4e+38 -3.4e+38 -3.4e+38 -3.4e+38 -3.4e+38 -3.4e+38 -3.4e+38 -3.4e+38 -3.4e+38 -3.4e+38
0.572026550769806 0.622297883033752 0.649040162563324 0.654229581356049 0.620693624019623 0.613533616065979 0.630612075328827 0.63850325345993 0.632263958454132 0.572936058044434 0.547704756259918 0.623348295688629 0.650820016860962 0.619567692279816 0.604481816291809 0.609793961048126 0.618393182754517 0.620155811309814 0.649225175380707 0.619128584861755 0.650515615940094 0.668444693088531 0.670557856559753 0.664490163326263 0.695065677165985 0.692218244075775 0.703030586242676 0.710223793983459 -3.4e+38 -3.4e+38 -3.4e+38 -3.4e+38 -3.4e+38 -3.4e+38 -3.4e+38 -3.4e+38 -3.4e+38 -3.4e+38 -3.4e+38 -3.4e+38 -3.4e+38 -3.4e+38 -3.4e+38 -3.4e+38 -3.4e+38
0.624253451824188 0.647134065628052 0.629853785037994 0.616514682769775 0.621284484863281 0.600301384925842 0.609388709068298 0.591030478477478 0.573874294757843 0.590327799320221 0.601196944713593 0.664430439472198 0.629350066184998 0.614065766334534 0.611150562763214 0.627285063266754 0.611647605895996 0.60775500535965 0.619624435901642 0.64295768737793 0.62332683801651 0.630274951457977 0.65609747171402 0.677031993865967 0.678450047969818 0.67710417509079 0.71327930688858 0.695022225379944 -3.4e+38 -3.4e+38 -3.4e+38 -3.4e+38 -3.4e+38 -3.4e+38 -3.4e+38 -3.4e+38 -3.4e+38 -3.4e+38 -3.4e+38 -3.4e+38 -3.4e+38 -3.4e+38 -3.4e+38 -3.4e+38 -3.4e+38
0.629249811172485 0.639832139015198 0.628288269042969 0.604615688323975 0.591551780700684 0.565600574016571 0.561380624771118 0.609374225139618 0.624369859695435 0.649167597293854 0.663907945156097 0.65624862909317 0.630957663059235 0.609697878360748 0.603291392326355 0.585615336894989 0.588710069656372 0.640473544597626 0.623514711856842 0.612602055072784 0.618410706520081 0.645319283008575 0.661123394966125 0.6715287566185 0.69409704208374 0.706537187099457 0.706533789634705 -3.4e+38 -3.4e+38 -3.4e+38 -3.4e+38 -3.4e+38 -3.4e+38 -3.4e+38 -3.4e+38 -3.4e+38 -3.4e+38 -3.4e+38 -3.4e+38 -3.4e+38 -3.4e+38 -3.4e+38 -3.4e+38 -3.4e+38 -3.4e+38
0.627461373806 0.616917610168457 0.612026751041412 0.610252201557159 0.630179822444916 0.61739718914032 0.647495627403259 0.636587619781494 0.661661028862 0.669420421123505 0.68054074048996 0.616991519927979 0.581012070178986 0.591505348682404 0.591406404972076 0.624730348587036 0.634601593017578 0.652732610702515 0.652504146099091 0.639944851398468 0.658741354942322 0.665948629379272 0.681695401668549 0.683741390705109 0.69896012544632 0.70092785358429 0.689540266990662 -3.4e+38 -3.4e+38 -3.4e+38 -3.4e+38 -3.4e+38 -3.4e+38 -3.4e+38 -3.4e+38 -3.4e+38 -3.4e+38 -3.4e+38 -3.4e+38 -3.4e+38 -3.4e+38 -3.4e+38 -3.4e+38 -3.4e+38 -3.4e+38
0.657395124435425 0.656401336193085 0.645124733448029 0.629317820072174 0.633141994476318 0.634374558925629 0.638655066490173 0.649800479412079 0.667861104011536 0.671009302139282 0.655871331691742 0.581042408943176 0.637537717819214 0.653183937072754 0.607862830162048 0.586221575737 0.627073347568512 0.636071026325226 0.629320681095123 0.616326749324799 0.648726999759674 0.660811901092529 0.682243764400482 0.689442813396454 0.701686322689056 0.695953190326691 0.670240223407745 -3.4e+38 -3.4e+38 -3.4e+38 -3.4e+38 -3.4e+38 -3.4e+38 -3.4e+38 -3.4e+38 -3.4e+38 -3.4e+38 -3.4e+38 -3.4e+38 -3.4e+38 -3.4e+38 -3.4e+38 -3.4e+38 -3.4e+38 -3.4e+38
0.663237869739532 0.620582342147827 0.630095720291138 0.643658399581909 0.58909684419632 0.576838076114655 0.572890341281891 0.618389964103699 0.670637369155884 0.6789430975914 0.674193382263184 0.659549355506897 0.648034393787384 0.652488172054291 0.604336559772491 0.6149622797966 0.63313764333725 0.656840920448303 0.64601719379425 0.612445056438446 0.619946420192719 0.652373254299164 0.678067624568939 0.686880707740784 0.67302280664444 0.6817906498909 -3.4e+38 -3.4e+38 -3.4e+38 -3.4e+38 -3.4e+38 -3.4e+38 -3.4e+38 -3.4e+38 -3.4e+38 -3.4e+38 -3.4e+38 -3.4e+38 -3.4e+38 -3.4e+38 -3.4e+38 -3.4e+38 -3.4e+38 -3.4e+38 -3.4e+38
0.641265273094177 0.650478065013885 0.653576850891113 0.607781052589417 0.580078125 0.594408869743347 0.60325014591217 0.678539514541626 0.694700419902802 0.691491305828094 0.652747690677643 0.62295126914978 0.63719254732132 0.629983723163605 0.642102241516113 0.638533234596252 0.658517956733704 0.63727593421936 0.626564085483551 0.6102694272995 0.600565314292908 0.652413070201874 0.650700092315674 0.663815557956696 0.664564967155457 0.659364998340607 -3.4e+38 -3.4e+38 -3.4e+38 -3.4e+38 -3.4e+38 -3.4e+38 -3.4e+38 -3.4e+38 -3.4e+38 -3.4e+38 -3.4e+38 -3.4e+38 -3.4e+38 -3.4e+38 -3.4e+38 -3.4e+38 -3.4e+38 -3.4e+38 -3.4e+38
0.641086757183075 0.631456017494202 0.63821142911911 0.590160429477692 0.576173067092896 0.560990929603577 0.568577289581299 0.618194043636322 0.681682527065277 0.644411385059357 0.627478420734406 0.661800026893616 0.623107194900513 0.615622520446777 0.630365252494812 0.621597051620483 0.645195662975311 0.622170984745026 0.635341823101044 0.60998409986496 0.605215132236481 0.636034429073334 0.660991966724396 0.664418935775757 0.662858545780182 -3.4e+38 -3.4e+38 -3.4e+38 -3.4e+38 -3.4e+38 -3.4e+38 -3.4e+38 -3.4e+38 -3.4e+38 -3.4e+38 -3.4e+38 -3.4e+38 -3.4e+38 -3.4e+38 -3.4e+38 -3.4e+38 -3.4e+38 -3.4e+38 -3.4e+38 -3.4e+38
0.645210921764374 0.644549131393433 0.627094328403473 0.57983124256134 0.559743404388428 0.557314157485962 0.542670786380768 0.646874785423279 0.680802226066589 0.712467849254608 0.68565046787262 0.630089700222015 0.599805414676666 0.592233300209045 0.626540243625641 0.669756889343262 0.621683716773987 0.632115125656128 0.646791636943817 0.63779079914093 0.645039796829224 0.637976467609406 0.657316386699677 0.684584200382233 0.653535604476929 -3.4e+38 -3.4e+38 -3.4e+38 -3.4e+38 -3.4e+38 -3.4e+38 -3.4e+38 -3.4e+38 -3.4e+38 -3.4e+38 -3.4e+38 -3.4e+38 -3.4e+38 -3.4e+38 -3.4e+38 -3.4e+38 -3.4e+38 -3.4e+38 -3.4e+38 -3.4e+38
