output/projections/enclaves_ssf.asc
NCOLS 156 
NROWS 159 
XLLCORNER -42.625139439 
YLLCORNER -16.0001391852925 
CELLSIZE 0.0416666665 
NODATA_value -3.4e+38 
[rows 110 to 131 of 159, columns 49 to 97 of 156]
0.0509976893663406 0.0104330666363239 0.0181930810213089 0.105901703238487 0.324901580810547 0.19165064394474 0.331540673971176 0.279265344142914 0.276513904333115 0.258683621883392 0.330880969762802 0.381920009851456 0.299155384302139 0.371166914701462 0.576587319374084 0.511459708213806 0.470194101333618 0.461781114339828 0.466743797063828 0.507460594177246 0.541255176067352 0.585136771202087 0.5047327876091 0.607383728027344 0.595926880836487 0.602588474750519 0.624025046825409 0.664147138595581 0.622612774372101 0.672034561634064 0.697184681892395 0.696764349937439 0.754180014133453 0.736238121986389 0.725794076919556 0.71217942237854 0.702081620693207 0.733258903026581 0.745610654354095 0.76103287935257 -3.4e+38 -3.4e+38 -3.4e+38 -3.4e+38 -3.4e+38 -3.4e+38 -3.4e+38 -3.4e+38 -3.4e+38
0.0196183808147907 0.0164524521678686 0.0225709360092878 0.130156397819519 0.369024306535721 0.264546632766724 0.240431755781174 0.35114711523056 0.171040549874306 0.305970996618271 0.23580040037632 0.350786775350571 0.326972782611847 0.389582723379135 0.522143244743347 0.501978576183319 0.432068318128586 0.444815963506699 0.467302590608597 0.505636751651764 0.5826376080513 0.514239966869354 0.504824578762054 0.555882155895233 0.592745542526245 0.617913484573364 0.656870186328888 0.618996858596802 0.617657840251923 0.671043336391449 0.636257588863373 0.713821113109589 0.757116973400116 0.723474025726318 0.731096148490906 0.732039988040924 0.709864675998688 0.743839681148529 0.750608325004578 0.761148989200592 -3.4e+38 -3.4e+38 -3.4e+38 -3.4e+38 -3.4e+38 -3.4e+38 -3.4e+38 -3.4e+38 -3.4e+38
0.0124401180073619 0.0174015015363693 0.0386912487447262 0.199736952781677 0.412791818380356 0.356239318847656 0.329446762800217 0.391559839248657 0.120740830898285 0.293083995580673 0.284360408782959 0.411906361579895 0.510517179965973 0.481578826904297 0.4567990899086 0.433538109064102 0.458641320466995 0.465631157159805 0.44658824801445 0.502831280231476 0.523330569267273 0.500140845775604 0.512926638126373 0.546459197998047 0.542028844356537 0.605307161808014 0.657025039196014 0.632955551147461 0.628503799438477 0.631606876850128 0.617450833320618 0.716674566268921 0.727365016937256 0.720571517944336 0.737221360206604 0.756929218769073 0.72018164396286 0.751928508281708 0.756795346736908 0.757581293582916 -3.4e+38 -3.4e+38 -3.4e+38 -3.4e+38 -3.4e+38 -3.4e+38 -3.4e+38 -3.4e+38 -3.4e+38
0.0137763619422913 0.0214692745357752 0.187587887048721 0.131229668855667 0.34216719865799 0.385815232992172 0.285290271043777 0.290763527154922 0.0830985978245735 0.276416569948196 0.454019397497177 0.458127826452255 0.551883935928345 0.523976445198059 0.473873943090439 0.441677182912827 0.463841706514359 0.45308318734169 0.449183762073517 0.478116720914841 0.495832294225693 0.511095821857452 0.514808595180511 0.570884823799133 0.532499372959137 0.607216238975525 0.60645866394043 0.682237505912781 0.657730042934418 0.606557488441467 0.602056384086609 0.689752817153931 0.699811816215515 0.708580374717712 0.750673413276672 0.765372753143311 0.717680931091309 0.737415790557861 0.768275618553162 0.742948532104492 -3.4e+38 -3.4e+38 -3.4e+38 -3.4e+38 -3.4e+38 -3.4e+38 -3.4e+38 -3.4e+38 -3.4e+38
0.0140829738229513 0.0378442630171776 0.197918906807899 0.231472790241241 0.33320626616478 0.343947052955627 0.379078030586243 0.246553495526314 0.0865422338247299 0.14438371360302 0.551219403743744 0.44788670539856 0.572360157966614 0.495098382234573 0.435104757547379 0.455813854932785 0.450519263744354 0.432963579893112 0.498695284128189 0.500609934329987 0.491807043552399 0.51097559928894 0.526356935501099 0.540582478046417 0.544987320899963 0.589863181114197 0.583441138267517 0.688717842102051 0.615019261837006 0.581954479217529 0.625834226608276 0.651859700679779 0.707176923751831 0.713139653205872 0.736595571041107 0.755618214607239 0.718081712722778 0.737946331501007 0.765401244163513 -3.4e+38 -3.4e+38 -3.4e+38 -3.4e+38 -3.4e+38 -3.4e+38 -3.4e+38 -3.4e+38 -3.4e+38 -3.4e+38
0.0149536030367017 0.0924492254853249 0.269500374794006 0.279745072126389 0.221928492188454 0.184337735176086 0.317887961864471 0.113122932612896 0.142214000225067 0.388322591781616 0.545592427253723 0.469164907932281 0.590760290622711 0.501518666744232 0.433848261833191 0.416276425123215 0.452574491500854 0.440124094486237 0.496158212423325 0.504553914070129 0.513716995716095 0.495580106973648 0.516865253448486 0.513906240463257 0.557372570037842 0.55219841003418 0.583630204200745 0.642458260059357 0.603356063365936 0.578255236148834 0.668164491653442 0.632082045078278 0.710208773612976 0.721395313739777 0.729542672634125 0.751046717166901 0.749121963977814 0.749364018440247 0.752528488636017 -3.4e+38 -3.4e+38 -3.4e+38 -3.4e+38 -3.4e+38 -3.4e+38 -3.4e+38 -3.4e+38 -3.4e+38 -3.4e+38
0.0238546952605247 0.0380228497087955 0.274180591106415 0.26069301366806 0.145560219883919 0.206246063113213 0.286062389612198 0.0909286141395569 0.159638941287994 0.510143041610718 0.489873230457306 0.566980361938477 0.584678471088409 0.544051647186279 0.419104397296906 0.440330922603607 0.457713454961777 0.480453908443451 0.477914571762085 0.492824673652649 0.499917238950729 0.532535016536713 0.519532263278961 0.523025691509247 0.540652751922607 0.540312826633453 0.562846660614014 0.583365499973297 0.591870725154877 0.612321674823761 0.666957974433899 0.634259641170502 0.73117733001709 0.732769906520844 0.734146296977997 0.738558769226074 0.763894855976105 0.768761873245239 0.754677534103394 -3.4e+38 -3.4e+38 -3.4e+38 -3.4e+38 -3.4e+38 -3.4e+38 -3.4e+38 -3.4e+38 -3.4e+38 -3.4e+38
0.135816782712936 0.0891423150897026 0.129056826233864 0.245366126298904 0.137126266956329 0.149420276284218 0.0735444277524948 0.213626816868782 0.125584855675697 0.467969745397568 0.425188899040222 0.579192340373993 0.565916061401367 0.486318647861481 0.433494061231613 0.458285242319107 0.466836780309677 0.475259155035019 0.464322835206985 0.474996715784073 0.506444573402405 0.536838591098785 0.520899772644043 0.543887615203857 0.585349380970001 0.561082005500793 0.578055918216705 0.564989864826202 0.595236778259277 0.603880643844604 0.628194391727448 0.618523955345154 0.713778674602509 0.723211348056793 0.744785249233246 0.746659696102142 0.765284895896912 0.758094847202301 0.763809740543365 -3.4e+38 -3.4e+38 -3.4e+38 -3.4e+38 -3.4e+38 -3.4e+38 -3.4e+38 -3.4e+38 -3.4e+38 -3.4e+38
0.213301494717598 0.117976151406765 0.0935623645782471 0.0676187202334404 0.175191149115562 0.24693688750267 0.0394926257431507 0.1474729180336 0.346558153629303 0.504743218421936 0.453335702419281 0.559883832931519 0.594391286373138 0.463416218757629 0.43716636300087 0.429664969444275 0.494279026985168 0.461250990629196 0.483554720878601 0.53748893737793 0.5259770154953 0.513775646686554 0.521614193916321 0.547023117542267 0.547853708267212 0.574230492115021 0.578363418579102 0.561989724636078 0.57132476568222 0.64340752363205 0.61354672908783 0.632429182529449 0.721521019935608 0.730527579784393 0.737269639968872 0.704792141914368 0.739470958709717 0.786843240261078 0.783645153045654 -3.4e+38 -3.4e+38 -3.4e+38 -3.4e+38 -3.4e+38 -3.4e+38 -3.4e+38 -3.4e+38 -3.4e+38 -3.4e+38
0.223300039768219 0.129240825772285 0.17404617369175 0.204313099384308 0.222593918442726 0.0889459699392319 0.111696258187294 0.103730380535126 0.491206437349319 0.363083630800247 0.56090122461319 0.522585570812225 0.534038424491882 0.468280017375946 0.457456558942795 0.482053726911545 0.49898624420166 0.494668424129486 0.475163251161575 0.493674486875534 0.49445429444313 0.503126502037048 0.550027787685394 0.576968967914581 0.540401339530945 0.555555880069733 0.556272447109222 0.568388521671295 0.580800473690033 0.660959541797638 0.607448816299438 0.68976354598999 0.683434426784515 0.682645320892334 0.681132555007935 0.707032382488251 0.77694034576416 0.789885878562927 0.758991539478302 -3.4e+38 -3.4e+38 -3.4e+38 -3.4e+38 -3.4e+38 -3.4e+38 -3.4e+38 -3.4e+38 -3.4e+38 -3.4e+38
0.211893275380135 0.142368823289871 0.186141937971115 0.175730586051941 0.135372191667557 0.0382444635033607 0.117004238069057 0.296365797519684 0.327840447425842 0.342165529727936 0.579134106636047 0.573028981685638 0.505756556987762 0.478663265705109 0.455005884170532 0.492257326841354 0.478474259376526 0.459974586963654 0.466415643692017 0.512071847915649 0.49806022644043 0.503641724586487 0.550098359584808 0.624738276004791 0.539105176925659 0.591951429843903 0.547610342502594 0.57992559671402 0.587084531784058 0.651622414588928 0.618579626083374 0.683423757553101 0.682940423488617 0.671911239624023 0.674921929836273 0.734132468700409 0.781243860721588 0.775613963603973 -3.4e+38 -3.4e+38 -3.4e+38 -3.4e+38 -3.4e+38 -3.4e+38 -3.4e+38 -3.4e+38 -3.4e+38 -3.4e+38 -3.4e+38
0.187666028738022 0.129756063222885 0.204156592488289 0.182392239570618 0.117453873157501 0.0831873267889023 0.266696482896805 0.287287205457687 0.281227260828018 0.428256124258041 0.571425259113312 0.562670171260834 0.49175089597702 0.460062563419342 0.459576010704041 0.451336532831192 0.434228152036667 0.42928159236908 0.472072333097458 0.498407810926437 0.505571961402893 0.502177536487579 0.598483085632324 0.568857431411743 0.534523785114288 0.571045935153961 0.548016369342804 0.609514117240906 0.634478807449341 0.608123779296875 0.60324090719223 0.729166746139526 0.682662189006805 0.649399220943451 0.678570628166199 0.756639122962952 0.773374617099762 0.763122379779816 -3.4e+38 -3.4e+38 -3.4e+38 -3.4e+38 -3.4e+38 -3.4e+38 -3.4e+38 -3.4e+38 -3.4e+38 -3.4e+38 -3.4e+38
0.125826686620712 0.180330216884613 0.290920048952103 0.236417055130005 0.175805240869522 0.18965320289135 0.227527737617493 0.298735320568085 0.288216888904572 0.425618708133698 0.582654356956482 0.610950708389282 0.479457259178162 0.463212430477142 0.443485945463181 0.444674462080002 0.506019294261932 0.433958560228348 0.459717959165573 0.541692674160004 0.487333655357361 0.514684677124023 0.605673551559448 0.580335080623627 0.55672013759613 0.532562494277954 0.578695297241211 0.700456619262695 0.64691150188446 0.593622148036957 0.650088369846344 0.705986082553864 0.638703763484955 0.643274426460266 0.726764440536499 0.76888382434845 0.768758594989777 0.760318219661713 -3.4e+38 -3.4e+38 -3.4e+38 -3.4e+38 -3.4e+38 -3.4e+38 -3.4e+38 -3.4e+38 -3.4e+38 -3.4e+38 -3.4e+38
0.122832760214806 0.171744376420975 0.348347812891006 0.344771295785904 0.332617580890656 0.293474674224854 0.163136333227158 0.434194087982178 0.341661810874939 0.537024259567261 0.55191844701767 0.615273773670197 0.454791307449341 0.432785242795944 0.438872933387756 0.454882889986038 0.470589697360992 0.42413067817688 0.458474367856979 0.518505930900574 0.478558927774429 0.556398749351501 0.570145070552826 0.529013335704803 0.593642294406891 0.552734792232513 0.586276590824127 0.685676097869873 0.648511946201324 0.604837000370026 0.682159006595612 0.693086683750153 0.681911408901215 0.701986491680145 0.741092205047607 0.748998463153839 0.744130074977875 0.712011873722076 -3.4e+38 -3.4e+38 -3.4e+38 -3.4e+38 -3.4e+38 -3.4e+38 -3.4e+38 -3.4e+38 -3.4e+38 -3.4e+38 -3.4e+38
0.133843570947647 0.141220852732658 0.281333178281784 0.315878838300705 0.270157992839813 0.295783877372742 0.258020669221878 0.446952998638153 0.382423400878906 0.55395382642746 0.52632462978363 0.528845131397247 0.398923873901367 0.427333235740662 0.454264014959335 0.437822908163071 0.439902126789093 0.406119614839554 0.453701078891754 0.48359414935112 0.469801336526871 0.561688363552094 0.544568419456482 0.561832010746002 0.596873104572296 0.574315071105957 0.575684785842896 0.666314661502838 0.64933854341507 0.595952987670898 0.669052481651306 0.658271849155426 0.682897925376892 0.699243366718292 0.703296720981598 0.726972043514252 0.739765465259552 0.709212064743042 -3.4e+38 -3.4e+38 -3.4e+38 -3.4e+38 -3.4e+38 -3.4e+38 -3.4e+38 -3.4e+38 -3.4e+38 -3.4e+38 -3.4e+38
0.211992591619492 0.229161471128464 0.203728795051575 0.363553196191788 0.30048930644989 0.383788287639618 0.410676330327988 0.362201124429703 0.432124704122543 0.572607159614563 0.48917880654335 0.437433242797852 0.419658482074738 0.401928246021271 0.48877277970314 0.493615359067917 0.443528175354004 0.412538856267929 0.463173121213913 0.488637328147888 0.476859122514725 0.5797119140625 0.543865501880646 0.617204308509827 0.587734222412109 0.54834258556366 0.604843199253082 0.670152425765991 0.639156222343445 0.596815049648285 0.663037776947021 0.66069370508194 0.679642200469971 0.685059130191803 0.673632502555847 0.728687465190887 0.723432242870331 -3.4e+38 -3.4e+38 -3.4e+38 -3.4e+38 -3.4e+38 -3.4e+38 -3.4e+38 -3.4e+38 -3.4e+38 -3.4e+38 -3.4e+38 -3.4e+38
0.33079919219017 0.318064332008362 0.332526057958603 0.353604942560196 0.315163820981979 0.447017878293991 0.469168066978455 0.382463097572327 0.505664587020874 0.544709384441376 0.573590338230133 0.483321011066437 0.310214310884476 0.448046118021011 0.516068518161774 0.471727460622787 0.414278268814087 0.410599619150162 0.44667786359787 0.481326371431351 0.506456851959229 0.595637500286102 0.588674604892731 0.606755316257477 0.579114556312561 0.554263114929199 0.616028189659119 0.623047947883606 0.633421242237091 0.595038950443268 0.651660740375519 0.650628924369812 0.66505765914917 0.67485636472702 0.667399883270264 0.690228760242462 0.697447657585144 -3.4e+38 -3.4e+38 -3.4e+38 -3.4e+38 -3.4e+38 -3.4e+38 -3.4e+38 -3.4e+38 -3.4e+38 -3.4e+38 -3.4e+38 -3.4e+38
0.352258950471878 0.418306052684784 0.357828438282013 0.38202092051506 0.396428883075714 0.488602429628372 0.50389164686203 0.414541184902191 0.484624713659286 0.440453767776489 0.527164161205292 0.42432376742363 0.307587206363678 0.484245240688324 0.469409972429276 0.423951148986816 0.427135527133942 0.432078063488007 0.430138498544693 0.476738601922989 0.54057377576828 0.572160065174103 0.57378488779068 0.657743275165558 0.593384146690369 0.620321750640869 0.61288857460022 0.596771538257599 0.593895256519318 0.602433919906616 0.64395409822464 0.618369817733765 0.665382742881775 0.686074554920197 0.66840386390686 0.701254606246948 0.705878674983978 -3.4e+38 -3.4e+38 -3.4e+38 -3.4e+38 -3.4e+38 -3.4e+38 -3.4e+38 -3.4e+38 -3.4e+38 -3.4e+38 -3.4e+38 -3.4e+38
0.374827980995178 0.402784645557404 0.384478121995926 0.411799132823944 0.472918003797531 0.443512469530106 0.514018476009369 0.493644207715988 0.382747054100037 0.500957369804382 0.425547063350677 0.341664046049118 0.344887256622314 0.441439986228943 0.442047327756882 0.418097496032715 0.447217911481857 0.457094699144363 0.492659479379654 0.460464060306549 0.556464433670044 0.632901906967163 0.578591406345367 0.612162470817566 0.562694072723389 0.65701699256897 0.580579161643982 0.643683969974518 0.594510674476624 0.583986103534698 0.597207486629486 0.647675275802612 0.670846939086914 0.685552656650543 0.669969856739044 0.707010507583618 0.70591813325882 -3.4e+38 -3.4e+38 -3.4e+38 -3.4e+38 -3.4e+38 -3.4e+38 -3.4e+38 -3.4e+38 -3.4e+38 -3.4e+38 -3.4e+38 -3.4e+38
0.378996312618256 0.402403205633163 0.464556634426117 0.467422485351562 0.470113098621368 0.406144380569458 0.503934144973755 0.501184105873108 0.448676198720932 0.450295597314835 0.412272274494171 0.333145827054977 0.330109149217606 0.452348083257675 0.417103350162506 0.435129046440125 0.446104913949966 0.485298603773117 0.485145300626755 0.485048800706863 0.513341069221497 0.579086065292358 0.6212118268013 0.635996699333191 0.597736418247223 0.607880890369415 0.600806474685669 0.633588075637817 0.58471417427063 0.605093061923981 0.607618987560272 0.610484302043915 0.605887591838837 0.634835004806519 0.682737171649933 0.700793445110321 0.709159016609192 0.689688503742218 -3.4e+38 -3.4e+38 -3.4e+38 -3.4e+38 -3.4e+38 -3.4e+38 -3.4e+38 -3.4e+38 -3.4e+38 -3.4e+38 -3.4e+38
0.407068401575089 0.445053815841675 0.450149059295654 0.492724776268005 0.446560859680176 0.361782014369965 0.500879287719727 0.492367923259735 0.477092027664185 0.386416584253311 0.396034985780716 0.289794445037842 0.350362807512283 0.466781347990036 0.386991053819656 0.454310327768326 0.457476079463959 0.486842691898346 0.448635190725327 0.465094804763794 0.4918172955513 0.479684412479401 0.544502437114716 0.562936902046204 0.62904304265976 0.565601348876953 0.574446320533752 0.578768789768219 0.584668397903442 0.584954619407654 0.5874183177948 0.610807657241821 0.619244396686554 0.669905245304108 0.665451884269714 0.687374353408813 0.695975542068481 0.694087088108063 -3.4e+38 -3.4e+38 -3.4e+38 -3.4e+38 -3.4e+38 -3.4e+38 -3.4e+38 -3.4e+38 -3.4e+38 -3.4e+38 -3.4e+38
0.4153091609478 0.45345002412796 0.473484933376312 0.47126442193985 0.44515535235405 0.30361071228981 0.496654391288757 0.481033235788345 0.471222341060638 0.404125958681107 0.35443326830864 0.241251364350319 0.510733544826508 0.511332631111145 0.407144069671631 0.459869593381882 0.41622456908226 0.457706928253174 0.433208733797073 0.447227716445923 0.452993929386139 0.454906463623047 0.487305730581284 0.504024267196655 0.51551365852356 0.529080629348755 0.570241510868073 0.564497590065002 0.58973354101181 0.563478648662567 0.573482692241669 0.624665796756744 0.655346870422363 0.670753955841064 0.691747665405273 0.693775951862335 0.704668045043945 0.701423823833466 -3.4e+38 -3.4e+38 -3.4e+38 -3.4e+38 -3.4e+38 -3.4e+38 -3.4e+38 -3.4e+38 -3.4e+38 -3.4e+38 -3.4e+38
