output/projections/enclaves_ssf.asc
NCOLS 156 
NROWS 159 
XLLCORNER -42.625139439 
YLLCORNER -16.0001391852925 
CELLSIZE 0.0416666665 
NODATA_value -3.4e+38 
[rows 0 to 21 of 159, columns 49 to 97 of 156]
0.00235137715935707 0.00225556711666286 0.00242460728622973 0.00213293707929552 0.00249583250842988 0.00272515509277582 0.00292220804840326 0.00254462147131562 0.00258824462071061 0.00254061887972057 0.00477936957031488 0.0126137295737863 0.0127309020608664 0.00948782358318567 0.0631569027900696 0.00599151756614447 0.0200502369552851 0.00391988269984722 0.00383173348382115 0.0160592030733824 0.0154937943443656 0.0188973769545555 0.0979993119835854 0.0750476494431496 0.0298293512314558 0.0216351579874754 0.0233815163373947 0.0141031257808208 0.00776696857064962 0.00887944828718901 0.0130721125751734 0.0106979887932539 0.00890385266393423 0.00542793516069651 0.00561406975612044 0.00692169135436416 0.00574618857353926 0.00480745173990726 0.00338208209723234 0.00312042003497481 0.00293409894220531 0.00329194590449333 0.00432310998439789 0.00684137549251318 0.00906377658247948 0.00610492611303926 0.00303778634406626 0.00795134529471397 0.00455491244792938
0.00177680200431496 0.00180878001265228 0.00186464504804462 0.00212917919270694 0.00256696413271129 0.00320454454049468 0.00315304263494909 0.00294859521090984 0.00278968387283385 0.00239331740885973 0.00478031579405069 0.0112530058249831 0.0676845461130142 0.0653150156140327 0.0356846749782562 0.0351368188858032 0.022690512239933 0.0144046070054173 0.0151319345459342 0.0142251309007406 0.014186174608767 0.0153521783649921 0.0228161513805389 0.0532161965966225 0.0235912930220366 0.0188806913793087 0.0151695059612393 0.0112673658877611 0.00797490496188402 0.00869275163859129 0.0120431687682867 0.013984396122396 0.00949396658688784 0.00535918632522225 0.00572520215064287 0.0091013191267848 0.00740618398413062 0.00656145205721259 0.00428765639662743 0.00334291951730847 0.00328430230729282 0.00319728837348521 0.00369142135605216 0.00869668927043676 0.00785557087510824 0.00438933540135622 0.00642121536657214 0.00562083255499601 0.00481185177341104
0.00147168827243149 0.00175388029310852 0.00196579424664378 0.00238863774575293 0.00229692808352411 0.00291309738531709 0.00345095596276224 0.00325568672269583 0.0027525476180017 0.00256015197373927 0.00366203999146819 0.0126885054633021 0.00837063137441874 0.0176844168454409 0.0647265613079071 0.0340361818671227 0.021487046033144 0.013164546340704 0.0136986151337624 0.0144939143210649 0.0137879205867648 0.0148946372792125 0.0276356618851423 0.0275550726801157 0.0216098539531231 0.0171030964702368 0.0127451159060001 0.00904590263962746 0.00984706357121468 0.0108458166942 0.0133500369265676 0.0231277123093605 0.0095801604911685 0.00653096148744226 0.00729364389553666 0.0123615013435483 0.0112653560936451 0.00888644345104694 0.00476006045937538 0.00352785084396601 0.00369194871746004 0.00353068532422185 0.00526546640321612 0.013383244164288 0.00997661426663399 0.00676840171217918 0.00840906985104084 0.00623487029224634 0.00780327059328556
0.00160708092153072 0.00175723060965538 0.00202313438057899 0.00237311818636954 0.00246099266223609 0.00279257516376674 0.00364302983507514 0.00272308383136988 0.00404354417696595 0.00281023699790239 0.00379168358631432 0.0061418772675097 0.00439206650480628 0.0056384177878499 0.0668481662869453 0.0628355145454407 0.024898074567318 0.013530507683754 0.0149191962555051 0.0146417617797852 0.013938507065177 0.0178587511181831 0.028533848002553 0.025103822350502 0.0255680363625288 0.0192098468542099 0.0117064286023378 0.0101587371900678 0.0119297876954079 0.0164517033845186 0.014603060670197 0.0167001616209745 0.00802212953567505 0.0107532786205411 0.00957704614847898 0.0166001673787832 0.0108319176360965 0.00695854658260942 0.00469166040420532 0.0041578789241612 0.00383989815600216 0.00510839838534594 0.00486897863447666 0.0110692922025919 0.0113550741225481 0.00925795454531908 0.00993481930345297 0.00783807598054409 0.00936237070709467
0.00177599862217903 0.00208510248921812 0.00294002401642501 0.00273121311329305 0.00226988806389272 0.0027676448225975 0.00263207731768489 0.00261967722326517 0.0090602096170187 0.00264150998555124 0.00341402902267873 0.0034158481284976 0.00318063353188336 0.0040173870511353 0.0454226359724998 0.0838247165083885 0.0219458770006895 0.0156262032687664 0.0143977804109454 0.0422795340418816 0.0163619238883257 0.0186598673462868 0.051016803830862 0.0336864553391933 0.0252888537943363 0.0194455217570066 0.0136934844776988 0.0115330005064607 0.0111993923783302 0.0189941115677357 0.0235802736133337 0.0134135624393821 0.00998860131949186 0.0121048456057906 0.0178496968001127 0.0145557140931487 0.00888762809336185 0.00706649525091052 0.00488097872585058 0.0048433868214488 0.00596689851954579 0.00541679747402668 0.00582484574988484 0.0117083638906479 0.0119744753465056 0.010947179980576 0.0117875123396516 0.0114600406959653 0.0093415267765522
0.0017192205414176 0.00273695541545749 0.0025109441485256 0.00224932911805809 0.00259345769882202 0.00234371516853571 0.002323760651052 0.00315696746110916 0.00466471957042813 0.00280928635038435 0.00303273880854249 0.00315479887649417 0.00395816098898649 0.0192597005516291 0.116597086191177 0.0701310411095619 0.0189056005328894 0.0181194506585598 0.016175689175725 0.028405848890543 0.0161597412079573 0.0200374945998192 0.0377404727041721 0.034154336899519 0.0276139471679926 0.0192422866821289 0.0148910153657198 0.011935381218791 0.0118770329281688 0.0249118022620678 0.0265772137790918 0.0155398612841964 0.0117112956941128 0.0120499096810818 0.0157665181905031 0.011444672010839 0.0103337317705154 0.00793186947703362 0.00852307304739952 0.00953136663883924 0.00766979157924652 0.00696558225899935 0.00936229526996613 0.022043326869607 0.0109703922644258 0.0110367620363832 0.016038715839386 0.0172050669789314 0.0121712004765868
0.00208599586039782 0.00223781820386648 0.00226497906260192 0.00244364188984036 0.00273312767967582 0.0023174867965281 0.00267881969921291 0.00357609824277461 0.00487037282437086 0.00281366985291243 0.00326149095781147 0.00382701517082751 0.00479467771947384 0.021593876183033 0.0745708793401718 0.043845608830452 0.0209635086357594 0.0186413172632456 0.0203539449721575 0.018632909283042 0.0172097254544497 0.0200969502329826 0.0348458476364613 0.0302048977464437 0.0251649897545576 0.0173064060509205 0.0164054874330759 0.0167505890130997 0.0164499580860138 0.0233880374580622 0.0292851962149143 0.0286488384008408 0.0261595156043768 0.0198951363563538 0.0214819274842739 0.0271696820855141 0.0167702976614237 0.0181088875979185 0.01375344209373 0.013899396173656 0.0082041947171092 0.00707610277459025 0.0121292565017939 0.0173487979918718 0.0151421660557389 0.0141304945573211 0.018985802307725 0.0188349038362503 0.0147380875423551
0.00195106083992869 0.00215934752486646 0.00231761019676924 0.00244505330920219 0.00230464641936123 0.00226987595669925 0.00268423627130687 0.00379322119988501 0.0039886711165309 0.00290722190402448 0.00298610562458634 0.00413421727716923 0.0228528194129467 0.0256843529641628 0.094831570982933 0.0438591539859772 0.022323964163661 0.0197632294148207 0.0189111083745956 0.0195348411798477 0.0187226664274931 0.0179605726152658 0.0307713374495506 0.0347127132117748 0.0235190950334072 0.0267966203391552 0.0399294383823872 0.0276404339820147 0.0230793170630932 0.0197511781007051 0.0281888917088509 0.0217325855046511 0.0246519446372986 0.0180330388247967 0.0243875980377197 0.0265880767256021 0.0175852887332439 0.017990954220295 0.0142357405275106 0.0117782326415181 0.00833680480718613 0.00847228523343801 0.0151793658733368 0.0263326242566109 0.0212814807891846 0.0175541546195745 0.0200235527008772 0.0242726560682058 0.0196490809321404
0.00173095788341016 0.00205946248024702 0.00213155965320766 0.0023033581674099 0.00202880753204226 0.00234868261031806 0.00265752035193145 0.00413942104205489 0.00416579889133573 0.00380623922683299 0.00394228380173445 0.0190182756632566 0.0268569141626358 0.0510431565344334 0.0847095251083374 0.0443863682448864 0.0216999594122171 0.0231838785111904 0.0238531641662121 0.0215998701751232 0.0275313854217529 0.0284258723258972 0.0669073984026909 0.0618941895663738 0.0465155877172947 0.0464476943016052 0.038452323526144 0.0300399828702211 0.0228410102427006 0.0256923045963049 0.0355310179293156 0.0257588904350996 0.0172801464796066 0.013768800534308 0.0254615042358637 0.0269098449498415 0.0234212577342987 0.0131652168929577 0.00857630278915167 0.0119713852182031 0.00661868834868073 0.00702370656654239 0.0125749232247472 0.0200368408113718 0.0258717816323042 0.0174947828054428 0.0202001072466373 0.032231543213129 0.0308369006961584
0.00163212942425162 0.00202709343284369 0.00207059364765882 0.00194332865066826 0.00212433352135122 0.00237369118258357 0.00314293429255486 0.00420576054602861 0.00384635920636356 0.00497829681262374 0.00414503598585725 0.0187234338372946 0.0211772751063108 0.0510340742766857 0.0561800934374332 0.0515096001327038 0.0243382025510073 0.0242720693349838 0.0326277837157249 0.0339128263294697 0.0337141938507557 0.03427804261446 0.0547418035566807 0.117729775607586 0.0532028116285801 0.0433244071900845 0.0378088355064392 0.0336974821984768 0.0259076692163944 0.0232078786939383 0.0245945621281862 0.0287491977214813 0.0177056025713682 0.0127651616930962 0.0232270117849112 0.0203592404723167 0.0272356029599905 0.0177201628684998 0.00860814843326807 0.012990552932024 0.0104670468717813 0.00526367640122771 0.00831176806241274 0.0189943946897984 0.0466906540095806 0.0240572206676006 0.0367556773126125 0.0382854752242565 0.049378864467144
0.00189456483349204 0.00184760289266706 0.00209943787194788 0.00211982568725944 0.00246236100792885 0.00261480314657092 0.00367209129035473 0.00481387414038181 0.00445928378030658 0.0319810956716537 0.0178202949464321 0.0170696415007114 0.0207278653979301 0.0260822270065546 0.0430656298995018 0.0405110940337181 0.0357343666255474 0.0395714603364468 0.043152954429388 0.0451982356607914 0.0381181351840496 0.0440018028020859 0.119848817586899 0.129974469542503 0.0629539862275124 0.0419463627040386 0.0306532550603151 0.0268679205328226 0.0249907467514277 0.020999712869525 0.0177728459239006 0.0186707768589258 0.0196581240743399 0.0164150465279818 0.0169598087668419 0.024419479072094 0.0445581898093224 0.0228639729321003 0.0109008327126503 0.0106112575158477 0.00960392970591784 0.00582394329831004 0.0151582723483443 0.050523903220892 0.0487869940698147 0.0329377427697182 0.117165304720402 0.09789177775383 0.101988695561886
0.00185875070746988 0.00166849349625409 0.00189383456017822 0.00307112094014883 0.00281315227039158 0.00322400871664286 0.00411571003496647 0.00441567553207278 0.00586556503549218 0.037735890597105 0.0259648412466049 0.0273490939289331 0.0335710383951664 0.0412773936986923 0.0663741677999496 0.0577747859060764 0.0484878458082676 0.0425494760274887 0.0436624549329281 0.0663992762565613 0.0452630147337914 0.0697364509105682 0.0731669738888741 0.0627793371677399 0.0434263125061989 0.0326637364923954 0.0255221333354712 0.027695432305336 0.0286561697721481 0.0190565176308155 0.0251425206661224 0.0235840044915676 0.0170320495963097 0.0150660378858447 0.0159259457141161 0.017488494515419 0.0172698441892862 0.0126294773072004 0.0100021036341786 0.00674517173320055 0.00954146310687065 0.00835354719310999 0.0234204288572073 0.052208561450243 0.0206862445920706 0.0958190336823463 0.104460291564465 0.109120294451714 0.0743796527385712
0.00149614387191832 0.0015552764525637 0.00242086430080235 0.0107638137415051 0.0046161231584847 0.00427427375689149 0.00438719987869263 0.00553343072533607 0.0339897572994232 0.0323543176054955 0.0368504859507084 0.0457534678280354 0.0356331095099449 0.0502305328845978 0.0525818541646004 0.0497551932930946 0.043340940028429 0.0374205112457275 0.0523990578949451 0.0515760853886604 0.0725347772240639 0.0705919191241264 0.0463833957910538 0.0401503331959248 0.0401343554258347 0.0361581444740295 0.0310280919075012 0.0378567315638065 0.0256556216627359 0.0295026339590549 0.024121880531311 0.0198716688901186 0.0203006975352764 0.0187862254679203 0.0111551349982619 0.0100244358181953 0.00847198069095612 0.0101708369329572 0.00789579469710588 0.0126855848357081 0.0106285335496068 0.00875568389892578 0.00851324386894703 0.00902503449469805 0.0153935411944985 0.0202314034104347 0.0568068884313107 0.029337216168642 0.0354410484433174
0.00169658730737865 0.00183709710836411 0.00295603973791003 0.0140770729631186 0.0130225019529462 0.00481438683345914 0.00622713100165129 0.0530705861747265 0.0316683016717434 0.0603192411363125 0.0743094906210899 0.0592706240713596 0.0386732555925846 0.0366572514176369 0.0419187434017658 0.0427337288856506 0.0400492958724499 0.0378595590591431 0.211265191435814 0.187998488545418 0.0661622807383537 0.0502634234726429 0.0595116540789604 0.0464922562241554 0.0456228516995907 0.0360735878348351 0.0383324883878231 0.0368976593017578 0.0330058038234711 0.029839938506484 0.0212649069726467 0.0315803699195385 0.023515248671174 0.015137629583478 0.0130629492923617 0.00935316365212202 0.0137288272380829 0.0144060589373112 0.0129572665318847 0.0518472492694855 0.0200651995837688 0.00918304268270731 0.00920645147562027 0.0128903100267053 0.0120715349912643 0.00986591726541519 0.0179425049573183 0.0186962503939867 0.0682822093367577
0.0018000592244789 0.00259560719132423 0.00460907397791743 0.0195355135947466 0.0206674207001925 0.00843260064721107 0.0541030690073967 0.0354675650596619 0.037408109754324 0.155521094799042 0.0833939909934998 0.0765354558825493 0.0557534620165825 0.0407244600355625 0.0530204102396965 0.0545649565756321 0.0408009700477123 0.0408804155886173 0.215431749820709 0.196943372488022 0.155850112438202 0.0658070743083954 0.0592184662818909 0.0366195254027843 0.0544091053307056 0.0373355597257614 0.0481687560677528 0.0866787955164909 0.0394412130117416 0.0255708154290915 0.0355112925171852 0.0340754985809326 0.0205119904130697 0.0125728538259864 0.0183888431638479 0.0164956171065569 0.0148801822215319 0.0248593296855688 0.0914428159594536 0.0577271841466427 0.0103146675974131 0.0102607682347298 0.0219078566879034 0.141909271478653 0.0825976729393005 0.0215602498501539 0.0110397804528475 0.0124714877456427 0.0599705278873444
0.00210477015934885 0.00357484305277467 0.00513435574248433 0.0224010124802589 0.087231233716011 0.0426936708390713 0.0518736131489277 0.0347644537687302 0.0483610481023788 0.193729296326637 0.152899324893951 0.142764240503311 0.061107724905014 0.043844923377037 0.0468484871089458 0.0488266237080097 0.0446666553616524 0.044372733682394 0.206957206130028 0.202680796384811 0.115585349500179 0.0475627481937408 0.0457387082278728 0.0390068478882313 0.042747363448143 0.0791840478777885 0.187318533658981 0.0441779084503651 0.0365417338907719 0.0400723330676556 0.0391913428902626 0.0313023962080479 0.0201682150363922 0.0149795981124043 0.026757949963212 0.0332287363708019 0.0156601164489985 0.0292887054383755 0.0639978051185608 0.0165226832032204 0.00937424506992102 0.0127000100910664 0.0220787264406681 0.0724074319005013 0.0291801504790783 0.0718611553311348 0.0183788258582354 0.0157141033560038 0.0134860957041383
0.00234219804406166 0.00356900761835277 0.00472920620813966 0.0149118723347783 0.108307048678398 0.0603503845632076 0.0563987493515015 0.0335514917969704 0.0541240461170673 0.199870064854622 0.207653000950813 0.15216401219368 0.0662310421466827 0.0537692382931709 0.0434035137295723 0.0532801076769829 0.0484587289392948 0.050532516092062 0.157728031277657 0.205416291952133 0.109743677079678 0.0395451001822948 0.064981684088707 0.0393599309027195 0.117314331233501 0.269924134016037 0.104706354439259 0.0427352078258991 0.0534971170127392 0.112912110984325 0.0667940452694893 0.029883150011301 0.0256685186177492 0.0185906086117029 0.0207012351602316 0.0686928853392601 0.0294956713914871 0.0315993651747704 0.0170704200863838 0.0126378731802106 0.0154493674635887 0.0187855567783117 0.0253865458071232 0.0412992835044861 0.106819212436676 0.158653452992439 0.0275284890085459 0.0279909539967775 0.0228078626096249
0.00301501154899597 0.00435704039409757 0.00691211922094226 0.0460454374551773 0.0670667365193367 0.222501680254936 0.190964043140411 0.203311175107956 0.0642285346984863 0.222506836056709 0.268746018409729 0.169757068157196 0.0728324875235558 0.115943320095539 0.0484937615692616 0.0523545742034912 0.062812939286232 0.0695181041955948 0.274580240249634 0.20473325252533 0.149984315037727 0.0445906147360802 0.0514775440096855 0.0397180989384651 0.0563203431665897 0.0532199591398239 0.0496244505047798 0.128215804696083 0.0814462229609489 0.0988314971327782 0.0715465322136879 0.0260039623826742 0.0360663644969463 0.0231462866067886 0.0240738037973642 0.161481037735939 0.0744250640273094 0.0226612016558647 0.0211982280015945 0.0164428595453501 0.0253163166344166 0.0229412391781807 0.0291170794516802 0.0464418642222881 0.272595822811127 0.252911269664764 0.0342753380537033 0.078717403113842 0.121386662125587
0.00488334381952882 0.00628068204969168 0.0392005331814289 0.107532776892185 0.305059373378754 0.397856622934341 0.367736309766769 0.201856285333633 0.101815819740295 0.249384328722954 0.344973802566528 0.196702212095261 0.203719198703766 0.132626667618752 0.0677825957536697 0.0635798126459122 0.0579509660601616 0.265924781560898 0.237109795212746 0.179340288043022 0.165779381990433 0.0896523222327232 0.0938098132610321 0.0426680073142052 0.0398328006267548 0.0506821684539318 0.0659232288599014 0.323067009449005 0.110097654163837 0.10163339972496 0.106143951416016 0.0290060266852379 0.0778738632798195 0.029770215973258 0.0279674436897039 0.114690534770489 0.0737347602844238 0.0269136931747198 0.0239854604005814 0.0246011726558208 0.0246517155319452 0.0277008228003979 0.035246092826128 0.0677473247051239 0.323143780231476 0.329226136207581 0.202370792627335 0.202222838997841 0.171402648091316
0.00513822631910443 0.0347316600382328 0.076944574713707 0.189727738499641 0.383850753307343 0.0917607694864273 0.282513856887817 0.37434509396553 0.398122102022171 0.456572413444519 0.41784331202507 0.264275372028351 0.255655229091644 0.234835177659988 0.211166143417358 0.0520040094852448 0.14949294924736 0.328058749437332 0.243600353598595 0.169007495045662 0.156504303216934 0.0932661667466164 0.0722776800394058 0.0749485418200493 0.0330772958695889 0.0748369246721268 0.419289231300354 0.364495575428009 0.0517474487423897 0.163753807544708 0.184899747371674 0.0318255759775639 0.143354952335358 0.035654291510582 0.0910386219620705 0.11774280667305 0.090493306517601 0.0305877458304167 0.0264923982322216 0.0278100091964006 0.031645055860281 0.0351976864039898 0.0427732691168785 0.150485828518867 0.360079318284988 0.214377522468567 0.251009166240692 0.0996125265955925 0.0942676439881325
0.0218712501227856 0.0569405592978001 0.0793757066130638 0.327694863080978 0.392558455467224 0.135110750794411 0.140903502702713 0.537800073623657 0.625444114208221 0.472543060779572 0.438243359327316 0.319005191326141 0.274690866470337 0.239440754055977 0.160618379712105 0.0503314547240734 0.180939182639122 0.294913113117218 0.170679703354836 0.188776388764381 0.137120842933655 0.12084735929966 0.0666466280817986 0.0707573145627975 0.0317988991737366 0.116665549576283 0.334174960851669 0.470433920621872 0.081387385725975 0.15408581495285 0.292002767324448 0.0886491760611534 0.294037401676178 0.0461665354669094 0.22582945227623 0.107214994728565 0.0472356416285038 0.0305717438459396 0.030295105651021 0.0323749035596848 0.0376296415925026 0.0420047007501125 0.0464307069778442 0.200874418020248 0.33047217130661 0.30249810218811 0.205715239048004 0.112537130713463 0.311406940221786
0.0441470891237259 0.0652391389012337 0.108140543103218 0.502763211727142 0.392697542905807 0.331873148679733 0.312085956335068 0.351447343826294 0.664324998855591 0.494062066078186 0.371345490217209 0.332638502120972 0.261987715959549 0.230221644043922 0.109642572700977 0.0577962622046471 0.181771963834763 0.288516312837601 0.169953852891922 0.189281105995178 0.119226656854153 0.0741169601678848 0.0718736127018929 0.0682635754346848 0.0796893388032913 0.0976648479700089 0.109268330037594 0.402335584163666 0.126818060874939 0.093237079679966 0.296676278114319 0.244575470685959 0.154235810041428 0.101889736950397 0.205315336585045 0.0863991379737854 0.0370464026927948 0.0343139320611954 0.0325994566082954 0.0434827990829945 0.0581971518695354 0.0601077675819397 0.0679133608937263 0.314331442117691 0.257585316896439 0.282713443040848 0.133118838071823 0.211304381489754 0.310458809137344
